Date,Open,High,Low,Close,Volume,Dividends,Stock Splits
2004-08-30 00:00:00+05:30,65.94657502925124,81.1712787744394,61.16341139863444,79.2173080444336,5247286,0.0,0.0
2004-08-31 00:00:00+05:30,78.1588906541814,78.5049059551973,75.39076358742135,76.08279418945312,1026229,0.0,0.0
2004-09-01 00:00:00+05:30,76.26598456350429,77.34473765202091,73.82351911492854,74.18988800048828,598189,0.0,0.0
2004-09-02 00:00:00+05:30,74.90228629734317,76.02175139146088,71.70672890819716,72.17486572265625,523156,0.0,0.0
2004-09-03 00:00:00+05:30,72.45982639125093,74.08814023732471,71.8695634373102,72.1545181274414,415473,0.0,0.0
2004-09-06 00:00:00+05:30,72.84653623101707,73.31467297258028,69.8748685965203,70.09876251220703,415330,0.0,0.0
2004-09-07 00:00:00+05:30,70.72972606811885,71.60493876564577,70.01733724782162,70.54653930664062,294726,0.0,0.0
2004-09-08 00:00:00+05:30,70.83150208907364,71.11645671839835,69.34566823444483,69.63062286376953,197554,0.0,0.0
2004-09-09 00:00:00+05:30,70.18018849847091,70.34301707622645,67.67666184640703,67.96161651611328,222369,0.0,0.0
2004-09-10 00:00:00+05:30,68.55187052614185,69.56956770866057,67.16780906634905,68.77576446533203,274642,0.0,0.0
2004-09-13 00:00:00+05:30,68.79611001041265,74.80050591570775,68.79611001041265,72.94830322265625,895534,0.0,0.0
2004-09-14 00:00:00+05:30,73.27396889303328,74.88192419032814,72.0527360781494,73.33502960205078,470773,0.0,0.0
2004-09-15 00:00:00+05:30,73.84387921053778,74.00670777023176,71.2385803277322,71.74742889404297,273729,0.0,0.0
2004-09-16 00:00:00+05:30,69.24391280475898,71.849207415906,69.24391280475898,69.93594360351562,241155,0.0,0.0
2004-09-17 00:00:00+05:30,70.81115342097216,70.81115342097216,70.01735018605979,70.18018341064453,143002,0.0,0.0
2004-09-20 00:00:00+05:30,71.238577104032,71.238577104032,69.61026828760899,69.7120361328125,86542,0.0,0.0
2004-09-21 00:00:00+05:30,69.97663011385598,71.19786276735654,69.73238265142929,70.54653930664062,154992,0.0,0.0
2004-09-22 00:00:00+05:30,70.4244189325057,71.44211127239726,70.01733826964274,70.22087860107422,154593,0.0,0.0
2004-09-23 00:00:00+05:30,69.61026982497387,70.13947194898645,68.5315120074585,68.7146987915039,129078,0.0,0.0
2004-09-24 00:00:00+05:30,67.778423748395,69.08107089044623,67.67665589624526,67.98196411132812,110235,0.0,0.0
2004-09-27 00:00:00+05:30,68.5925899056496,68.79612563773547,67.65631156215179,68.00232696533203,57156,0.0,0.0
2004-09-28 00:00:00+05:30,68.79610460853316,68.79610460853316,66.76071995803363,66.86248779296875,83604,0.0,0.0
2004-09-29 00:00:00+05:30,67.57488627063836,68.22620986947288,66.57754730108762,67.18816375732422,75864,0.0,0.0
2004-09-30 00:00:00+05:30,68.7961092275805,68.7961092275805,67.57487649183273,67.8394775390625,107227,0.0,0.0
2004-10-01 00:00:00+05:30,67.77840588955588,68.6943302934688,67.1677896202806,68.2872543334961,95635,0.0,0.0
2004-10-04 00:00:00+05:30,69.16246997330359,70.79078320166981,68.38902514966738,68.51114654541016,122553,0.0,0.0
2004-10-05 00:00:00+05:30,68.83683538431755,70.1598409860208,68.65365321852096,68.9589614868164,131635,0.0,0.0
2004-10-06 00:00:00+05:30,68.38904125145501,71.2385830840544,68.38904125145501,68.91824340820312,254674,0.0,0.0
2004-10-07 00:00:00+05:30,69.61027485057991,69.61027485057991,68.47045624230317,68.77576446533203,75004,0.0,0.0
2004-10-08 00:00:00+05:30,68.59258318683608,70.54655397526977,68.59258318683608,69.18284606933594,178470,0.0,0.0
2004-10-11 00:00:00+05:30,73.2739629372929,73.2739629372929,68.4704463468793,68.65363311767578,116698,0.0,0.0
2004-10-12 00:00:00+05:30,69.93592324229472,70.01733751053148,67.61557932848442,67.88018035888672,79743,0.0,0.0
2004-10-13 00:00:00+05:30,67.88018035888672,67.88018035888672,67.88018035888672,67.88018035888672,0,0.0,0.0
2004-10-14 00:00:00+05:30,67.98198083741835,69.61029016560691,67.73773327353136,69.02002716064453,128548,0.0,0.0
2004-10-15 00:00:00+05:30,69.40672559545439,70.42442264766633,67.63593719689348,67.8394775390625,118698,0.0,0.0
2004-10-18 00:00:00+05:30,69.20319822294775,69.20319822294775,66.96426816610143,67.16780853271484,62530,0.0,0.0
2004-10-19 00:00:00+05:30,68.3686891108652,68.3686891108652,66.19082438470141,66.35365295410156,82269,0.0,0.0
2004-10-20 00:00:00+05:30,66.78109741210938,67.16781998182338,65.94658689124478,66.78109741210938,70453,0.0,0.0
2004-10-21 00:00:00+05:30,66.76073425695036,68.3483361151375,66.37400708410136,66.69966888427734,96997,0.0,0.0
2004-10-22 00:00:00+05:30,66.69966888427734,66.69966888427734,66.69966888427734,66.69966888427734,0,0.0,0.0
2004-10-25 00:00:00+05:30,67.16781483950739,67.16781483950739,64.94924280377762,65.39702606201172,81042,0.0,0.0
2004-10-26 00:00:00+05:30,65.45808810348574,65.78374993204912,64.31827403283103,64.58287048339844,66223,0.0,0.0
2004-10-27 00:00:00+05:30,65.94657551055315,69.65098129153799,64.54215583530083,67.65630340576172,271074,0.0,0.0
2004-10-28 00:00:00+05:30,69.97662802310757,70.77043108761897,66.96425361332493,67.26956176757812,276549,0.0,0.0
2004-10-29 00:00:00+05:30,68.28728597415468,68.28728597415468,65.41738538362371,65.86517333984375,99714,0.0,0.0
2004-11-01 00:00:00+05:30,66.35365124262711,66.35365124262711,65.1324183690902,65.31560516357422,64830,0.0,0.0
2004-11-02 00:00:00+05:30,65.94656622106437,66.15010655857499,64.33861106476651,64.62356567382812,76801,0.0,0.0
2004-11-03 00:00:00+05:30,64.7253408019608,67.16780649260082,64.7253408019608,66.06869506835938,140844,0.0,0.0
2004-11-04 00:00:00+05:30,66.41469476548804,67.08637639899932,64.35895671008721,64.8067398071289,120274,0.0,0.0
2004-11-05 00:00:00+05:30,65.5395020094679,65.5395020094679,63.178450440157924,63.504112243652344,96591,0.0,0.0
2004-11-08 00:00:00+05:30,63.82975637544689,64.72532725177015,63.13772581694383,63.38197326660156,79849,0.0,0.0
2004-11-09 00:00:00+05:30,64.42002817942812,64.94923028513163,63.239502555304874,63.58551788330078,71670,0.0,0.0
2004-11-10 00:00:00+05:30,64.19613752526197,64.19613752526197,63.11738434890237,63.239505767822266,55392,0.0,0.0
2004-11-11 00:00:00+05:30,63.15811260972897,64.27757330009592,62.71032460667412,63.076698303222656,99331,0.0,0.0
2004-11-12 00:00:00+05:30,63.15810904613662,63.463417336943834,62.120058062211214,62.588199615478516,45907,0.0,0.0
2004-11-15 00:00:00+05:30,62.588199615478516,62.588199615478516,62.588199615478516,62.588199615478516,0,0.0,0.0
2004-11-16 00:00:00+05:30,62.486421268676224,62.486421268676224,59.799707827996535,60.30855178833008,181674,0.0,0.0
2004-11-17 00:00:00+05:30,60.593498018320105,62.01827115785038,60.28818982118029,61.57048797607422,132189,0.0,0.0
2004-11-18 00:00:00+05:30,61.79437035015724,62.52711273680269,61.46870862008132,62.303218841552734,101404,0.0,0.0
2004-11-19 00:00:00+05:30,62.730660587091336,62.934200954898266,61.30589198834412,61.77402877807617,97567,0.0,0.0
2004-11-22 00:00:00+05:30,61.7536637948086,61.87578985637683,56.21740967301499,61.52976989746094,60109,0.0,0.0
2004-11-23 00:00:00+05:30,61.87579741241263,62.68994951533507,61.570489209158346,62.018272399902344,71056,0.0,0.0
2004-11-24 00:00:00+05:30,62.58818559067012,62.60853916158744,61.50942769751729,61.77402877807617,66205,0.0,0.0
2004-11-25 00:00:00+05:30,61.91649515889394,62.60852573898624,61.081984954292764,61.366939544677734,75658,0.0,0.0
2004-11-26 00:00:00+05:30,61.36693954467773,61.36693954467773,61.36693954467773,61.366939544677734,0,0.0,0.0
2004-11-29 00:00:00+05:30,62.38463753593044,65.05099692525836,61.875793667062666,64.6439208984375,324849,0.0,0.0
2004-11-30 00:00:00+05:30,64.72532791288134,66.31292936392359,63.42268104624489,63.727989196777344,269415,0.0,0.0
2004-12-01 00:00:00+05:30,63.91119182222046,63.91119182222046,62.28288271586033,62.66960525512695,167586,0.0,0.0
2004-12-02 00:00:00+05:30,63.50411464410518,64.07402398642144,62.14040200528397,62.364295959472656,122890,0.0,0.0
2004-12-03 00:00:00+05:30,63.035955925406974,63.035955925406974,61.753662585172144,61.95720291137695,82737,0.0,0.0
2004-12-06 00:00:00+05:30,62.85279822039464,62.85279822039464,61.10236284806133,61.244842529296875,70182,0.0,0.0
2004-12-07 00:00:00+05:30,61.672244895415616,62.03861373534504,60.34924449509115,60.55278015136719,117777,0.0,0.0
2004-12-08 00:00:00+05:30,60.65456727774779,61.5908454984957,59.860764050780915,61.08199691772461,92295,0.0,0.0
2004-12-09 00:00:00+05:30,60.89880948025808,61.46871876662315,60.10501092031887,60.34925842285156,61051,0.0,0.0
2004-12-10 00:00:00+05:30,61.02092548821427,64.03329998539111,60.451016295923196,62.303218841552734,261996,0.0,0.0
2004-12-13 00:00:00+05:30,62.852780493272476,64.23684181414222,61.50942165160286,62.28287124633789,118146,0.0,0.0
2004-12-14 00:00:00+05:30,62.89347809506773,62.89347809506773,61.67224551069748,61.87578582763672,69616,0.0,0.0
2004-12-15 00:00:00+05:30,62.28287550133135,63.50410835429863,61.91650657716789,62.48641586303711,143899,0.0,0.0
2004-12-16 00:00:00+05:30,63.05632178201049,64.07401895275363,62.3235839186731,62.6899528503418,147001,0.0,0.0
2004-12-17 00:00:00+05:30,62.68993322099503,62.79170570138278,61.102331908448086,61.285518646240234,70678,0.0,0.0
2004-12-20 00:00:00+05:30,61.87580664731366,62.68995887174749,61.16341762764135,61.651912689208984,84024,0.0,0.0
2004-12-21 00:00:00+05:30,61.65189862398162,62.608530297558204,61.26517617267047,61.468711853027344,77923,0.0,0.0
2004-12-22 00:00:00+05:30,62.16075704312768,63.50411138198537,61.265185931011274,61.448368072509766,132696,0.0,0.0
2004-12-23 00:00:00+05:30,61.87578609545027,65.03063539918416,61.67224577763006,63.38197326660156,422710,0.0,0.0
2004-12-24 00:00:00+05:30,64.31826707044462,64.31826707044462,61.67226092348958,61.77402877807617,136081,0.0,0.0
2004-12-27 00:00:00+05:30,61.87581328665913,62.282889442555785,60.959888441915666,61.34661102294922,131827,0.0,0.0
2004-12-28 00:00:00+05:30,61.91650067882587,61.97756138393069,61.28553074214301,61.387298583984375,70222,0.0,0.0
2004-12-29 00:00:00+05:30,61.875795667103695,62.48641205638882,61.38730069222226,61.6111946105957,80671,0.0,0.0
2004-12-30 00:00:00+05:30,61.95720182713505,61.977555393536065,60.71561564214219,60.919151306152344,99976,0.0,0.0
2004-12-31 00:00:00+05:30,61.73332165086501,61.875801305953736,61.061644493166924,61.14305877685547,87096,0.0,0.0
2005-01-03 00:00:00+05:30,62.14039381775067,62.954550579306584,61.570489209158346,62.018272399902344,142257,0.0,0.0
2005-01-04 00:00:00+05:30,62.506769136114514,63.74835555348506,61.95721342316574,63.05632019042969,268063,0.0,0.0
2005-01-05 00:00:00+05:30,62.689937152693474,63.89081615925232,60.04393635204454,60.55278015136719,247140,0.0,0.0
2005-01-06 00:00:00+05:30,60.369610031365035,61.631549985035846,59.84040790284712,60.26783752441406,132141,0.0,0.0
2005-01-07 00:00:00+05:30,61.06164006225029,61.34659469311635,59.63686690791997,60.16606903076172,92379,0.0,0.0
2005-01-10 00:00:00+05:30,61.99790746498435,61.99790746498435,59.88110399989203,60.08464431762695,74920,0.0,0.0
2005-01-11 00:00:00+05:30,60.98023370852672,60.98023370852672,58.21210597657679,58.659889221191406,87147,0.0,0.0
2005-01-12 00:00:00+05:30,60.38995559015991,60.38995559015991,54.42626729718248,55.17936325073242,111318,0.0,0.0
2005-01-13 00:00:00+05:30,55.97316909883128,57.37758869863664,55.932461959508444,56.62449264526367,68106,0.0,0.0
2005-01-14 00:00:00+05:30,56.62449365632007,57.80501935229517,56.01387723830768,56.5430793762207,47916,0.0,0.0
2005-01-17 00:00:00+05:30,56.176708748327435,56.909446564200074,54.95547594945075,55.26078414916992,32254,0.0,0.0
2005-01-18 00:00:00+05:30,55.36255799311231,57.80502385543541,55.36255799311231,56.25812911987305,48898,0.0,0.0
2005-01-19 00:00:00+05:30,56.99087231850781,56.99087231850781,54.95548252400019,55.34220504760742,44946,0.0,0.0
2005-01-20 00:00:00+05:30,55.13866937264611,55.667866899555214,54.548406471532836,54.71123504638672,32352,0.0,0.0
2005-01-24 00:00:00+05:30,55.36255043580784,58.21209665862807,55.15901474748732,55.62715148925781,128079,0.0,0.0
2005-01-25 00:00:00+05:30,55.36255152909364,56.40060219456063,54.95547548578047,55.93246078491211,64282,0.0,0.0
2005-01-27 00:00:00+05:30,56.665213613369936,57.15370402293006,56.19707211813083,56.50238037109375,76618,0.0,0.0
2005-01-28 00:00:00+05:30,56.90945054274034,56.90945054274034,56.09529839232744,56.278480529785156,61329,0.0,0.0
2005-01-31 00:00:00+05:30,57.68291777076231,57.72362492481221,56.54309882282429,56.746639251708984,60075,0.0,0.0
2005-02-01 00:00:00+05:30,57.316517947835095,57.39793221221705,55.912098594083105,56.01386642456055,59595,0.0,0.0
2005-02-02 00:00:00+05:30,56.23777396984406,56.746622563090895,55.871405032505216,55.993526458740234,35922,0.0,0.0
2005-02-03 00:00:00+05:30,56.05459391099471,57.31653399679615,55.973174965182324,56.21742248535156,69582,0.0,0.0
2005-02-04 00:00:00+05:30,56.828046156014594,57.35724840698702,55.76964631270428,55.87141418457031,43692,0.0,0.0
2005-02-07 00:00:00+05:30,56.95015091652941,56.95015091652941,55.46432178807771,55.56608963012695,72904,0.0,0.0
2005-02-08 00:00:00+05:30,55.40325196283194,56.176701476023226,55.30148412897762,55.464317321777344,54933,0.0,0.0
2005-02-09 00:00:00+05:30,56.054589918909514,59.61651597426662,55.85104955682519,58.84307098388672,425451,0.0,0.0
2005-02-10 00:00:00+05:30,59.4333357357027,60.5324425452733,57.80502210439,58.13068389892578,277920,0.0,0.0
2005-02-11 00:00:00+05:30,58.78199736917896,59.392613711150396,58.21209282082088,58.497047424316406,132876,0.0,0.0
2005-02-14 00:00:00+05:30,59.43332694932765,60.166064714049824,58.8430641604997,59.08730697631836,192507,0.0,0.0
2005-02-15 00:00:00+05:30,59.39262662385039,59.41298485439968,57.39794862434668,57.68290328979492,120205,0.0,0.0
2005-02-16 00:00:00+05:30,58.130664244549656,58.944820784934095,56.01386096645587,56.48200225830078,100206,0.0,0.0
2005-02-17 00:00:00+05:30,56.787324200884676,57.35723345200883,56.054586397229826,56.6041374206543,61587,0.0,0.0
2005-02-18 00:00:00+05:30,56.54308306220584,57.316532749470916,56.21742126194525,56.40060806274414,80973,0.0,0.0
2005-02-21 00:00:00+05:30,57.194405058105794,57.255465770447714,55.89175789360992,56.13600540161133,46317,0.0,0.0
2005-02-22 00:00:00+05:30,56.40060757743204,56.482021862138176,55.606804325645754,55.81034469604492,40176,0.0,0.0
2005-02-23 00:00:00+05:30,56.05458090107064,56.5837783035409,55.566085974108844,55.708560943603516,40434,0.0,0.0
2005-02-24 00:00:00+05:30,55.769633411472796,56.115648754407836,54.99618378831004,55.11830520629883,53526,0.0,0.0
2005-02-25 00:00:00+05:30,56.31918658902413,56.31918658902413,53.7342458743984,54.08026123046875,61242,0.0,0.0
2005-02-28 00:00:00+05:30,55.3625618872571,56.99087568242901,54.141328870195295,54.60947036743164,62052,0.0,0.0
2005-03-01 00:00:00+05:30,54.71123218480296,54.71123218480296,54.14132288535461,54.24309539794922,43657,0.0,0.0
2005-03-02 00:00:00+05:30,54.44662041841726,56.17670154795283,54.30414545083878,54.73157501220703,84414,0.0,0.0
2005-03-03 00:00:00+05:30,55.93246570994435,57.80502219615626,55.36255640394355,57.25546646118164,199894,0.0,0.0
2005-03-04 00:00:00+05:30,57.49970664080353,58.51740369688964,57.19439845570434,58.191741943359375,154792,0.0,0.0
2005-03-07 00:00:00+05:30,59.372254402639996,60.61384053401745,59.02623913013198,59.53508758544922,300762,0.0,0.0
2005-03-08 00:00:00+05:30,59.63688374175143,62.791739141251135,59.63688374175143,62.03864288330078,463518,0.0,0.0
2005-03-09 00:00:00+05:30,62.28286758577117,63.82976202569191,61.52977160421475,62.42534255981445,472570,0.0,0.0
2005-03-10 00:00:00+05:30,61.87579779788336,63.09703061850847,61.87579779788336,62.466060638427734,215826,0.0,0.0
2005-03-11 00:00:00+05:30,62.38466905719858,62.89351784180692,61.71299164304231,62.18113327026367,162232,0.0,0.0
2005-03-14 00:00:00+05:30,62.48640934788803,63.38198032392952,62.20145473466423,62.791717529296875,223266,0.0,0.0
2005-03-15 00:00:00+05:30,64.66427607865982,64.66427607865982,61.79437627507015,62.28287124633789,209055,0.0,0.0
2005-03-16 00:00:00+05:30,62.28287015502687,62.445698703507524,59.63686431451727,59.982879638671875,77919,0.0,0.0
2005-03-17 00:00:00+05:30,60.04394746129466,60.04394746129466,58.008557911521365,58.51740646362305,61665,0.0,0.0
2005-03-18 00:00:00+05:30,59.392623208669605,59.392623208669605,57.397945323863404,58.273162841796875,82605,0.0,0.0
2005-03-21 00:00:00+05:30,58.61917056248852,60.14571146255333,58.61917056248852,59.148372650146484,80131,0.0,0.0
2005-03-22 00:00:00+05:30,59.026251660970395,59.026251660970395,55.810341039441134,56.58378601074219,69900,0.0,0.0
2005-03-23 00:00:00+05:30,56.380247255458194,56.88909113257796,53.87671637280523,54.22273635864258,94963,0.0,0.0
2005-03-24 00:00:00+05:30,54.54839282030577,55.72891366846237,53.73423617388446,53.85635757446289,84439,0.0,0.0
2005-03-28 00:00:00+05:30,54.874070939933226,56.17671823644694,50.88471010038435,51.67850875854492,105273,0.0,0.0
2005-03-29 00:00:00+05:30,51.69885360621519,51.719207175623524,46.81392241008042,47.485599517822266,316443,0.0,0.0
2005-03-30 00:00:00+05:30,48.849318438622156,50.41656678404341,47.95374729000515,48.93073272705078,233598,0.0,0.0
2005-03-31 00:00:00+05:30,49.358176533308004,52.45196667381661,49.358176533308004,51.49533462524414,287430,0.0,0.0
2005-04-01 00:00:00+05:30,52.26876443351902,52.920087991374054,51.69885515573747,52.51301193237305,354868,0.0,0.0
2005-04-04 00:00:00+05:30,53.87671857528752,54.95547639711162,53.327167538223165,53.95813751220703,169894,0.0,0.0
2005-04-05 00:00:00+05:30,53.958131502126335,54.6908692423524,51.41389366137367,52.8590202331543,192312,0.0,0.0
2005-04-06 00:00:00+05:30,53.3271652912139,53.53070097835281,51.57673043001975,51.841331481933594,108807,0.0,0.0
2005-04-07 00:00:00+05:30,52.777623877275424,53.53071544041397,52.167007333625705,52.4112548828125,220758,0.0,0.0
2005-04-08 00:00:00+05:30,52.47230043682504,53.530699965827665,52.30946723156062,52.7979621887207,118903,0.0,0.0
2005-04-11 00:00:00+05:30,52.71655062954209,53.32716702811349,52.105934230970696,52.49265670776367,83946,0.0,0.0
2005-04-12 00:00:00+05:30,52.513016342478636,53.69354213722043,52.47230919902326,53.24575424194336,62154,0.0,0.0
2005-04-13 00:00:00+05:30,53.53070632857477,59.35191607659062,53.53070632857477,57.64219284057617,688627,0.0,0.0
2005-04-15 00:00:00+05:30,56.99086664550504,56.99086664550504,53.81565850944998,54.059906005859375,437620,0.0,0.0
2005-04-18 00:00:00+05:30,54.05991444069912,56.07495077718602,52.10594348181758,53.28646469116211,395629,0.0,0.0
2005-04-19 00:00:00+05:30,53.73423727731097,54.75192961226119,48.84930661573725,49.60239791870117,257761,0.0,0.0
2005-04-20 00:00:00+05:30,50.88469551439602,51.29177151321055,49.5616903656413,50.5183219909668,214137,0.0,0.0
2005-04-21 00:00:00+05:30,50.88471007747233,50.88471007747233,48.29976439981803,48.70684051513672,408231,0.0,0.0
2005-04-22 00:00:00+05:30,49.785585184061944,50.80327752927582,48.890014243165865,49.56169128417969,427318,0.0,0.0
2005-04-25 00:00:00+05:30,49.86700692904487,54.95547873518018,49.66347122467034,54.08026123046875,561129,0.0,0.0
2005-04-26 00:00:00+05:30,54.24310888787414,55.932478976929154,53.22541146063545,53.53071975708008,321925,0.0,0.0
2005-04-27 00:00:00+05:30,53.8563751920297,54.95548679130963,52.47231356485355,52.9608039855957,175510,0.0,0.0
2005-04-28 00:00:00+05:30,52.96079672359322,53.836014236595936,52.96079672359322,53.40858459472656,146760,0.0,0.0
2005-04-29 00:00:00+05:30,50.884704567503455,54.14132245468369,50.884704567503455,53.40858459472656,109297,0.0,0.0
2005-05-02 00:00:00+05:30,54.5484042426618,55.68821819596763,53.16433811978744,54.975833892822266,213421,0.0,0.0
2005-05-03 00:00:00+05:30,54.97583705507058,56.17671644916085,54.16168019133515,55.891761779785156,241068,0.0,0.0
2005-05-04 00:00:00+05:30,56.502374977055766,58.212102893881415,54.75193991820577,56.23777389526367,342996,0.0,0.0
2005-05-05 00:00:00+05:30,56.522725301213185,57.39794278036276,55.97316959818514,56.58378601074219,220150,0.0,0.0
2005-05-06 00:00:00+05:30,56.848383658366984,57.336878622487035,55.830691251522325,57.03157043457031,72352,0.0,0.0
2005-05-09 00:00:00+05:30,56.9908629601915,58.61917173323701,56.9908629601915,58.089969635009766,108525,0.0,0.0
2005-05-10 00:00:00+05:30,57.80501928876851,58.04926678743176,56.44131146406853,56.78732681274414,41079,0.0,0.0
2005-05-11 00:00:00+05:30,56.46166834492384,56.583789772099756,55.58645080759495,56.19706726074219,124816,0.0,0.0
2005-05-12 00:00:00+05:30,57.805018320159945,57.805018320159945,56.17670945407896,56.62449264526367,71119,0.0,0.0
2005-05-13 00:00:00+05:30,57.35724048097744,59.84041348044329,57.35724048097744,58.78200912475586,355536,0.0,0.0
2005-05-16 00:00:00+05:30,59.47402705782401,60.65455249598858,58.57845619641062,59.67756271362305,343171,0.0,0.0
2005-05-17 00:00:00+05:30,59.84040332866272,60.57314109780533,57.39793788667648,57.78466033935547,149821,0.0,0.0
2005-05-18 00:00:00+05:30,58.6191790131051,58.6191790131051,56.66520824278844,57.25546646118164,98242,0.0,0.0
2005-05-19 00:00:00+05:30,57.60150346266249,58.51742840469087,56.38027020662467,56.746639251708984,130698,0.0,0.0
2005-05-20 00:00:00+05:30,51.69886326809094,56.278487120342135,51.69886326809094,55.97317886352539,69544,0.0,0.0
2005-05-23 00:00:00+05:30,56.298838900085094,58.212107331518986,56.298838900085094,57.21476364135742,131706,0.0,0.0
2005-05-24 00:00:00+05:30,58.17137238675896,58.212084174325206,55.97315481389928,56.156341552734375,63658,0.0,0.0
2005-05-25 00:00:00+05:30,56.48202089670526,57.0926373388318,56.05459125067017,56.278480529785156,133008,0.0,0.0
2005-05-26 00:00:00+05:30,56.42094421679782,56.60412630241405,55.58643407309327,56.17669677734375,63045,0.0,0.0
2005-05-27 00:00:00+05:30,55.159014248943784,57.35723227337032,55.159014248943784,55.6678581237793,91836,0.0,0.0
2005-05-30 00:00:00+05:30,55.99352849488876,57.35724109727214,55.66786668778588,55.8306999206543,63258,0.0,0.0
2005-05-31 00:00:00+05:30,56.13601531005652,56.380262861169534,55.72893450532332,55.87141418457031,39541,0.0,0.0
2005-06-01 00:00:00+05:30,56.197075519843956,56.99087888905161,55.19973640876346,55.52539825439453,78303,0.0,0.0
2005-06-02 00:00:00+05:30,56.58379200750314,56.58379200750314,54.14132609842194,54.528053283691406,74473,0.0,0.0
2005-06-03 00:00:00+05:30,54.93512246628197,56.1767088365134,54.75193568270953,55.64750671386719,62392,0.0,0.0
2005-06-06 00:00:00+05:30,57.2554685807999,58.456347950337054,56.583791394802425,56.848392486572266,274294,0.0,0.0
2005-06-07 00:00:00+05:30,57.03157264908806,58.4156340034488,56.278476605046606,56.766971588134766,286237,0.0,0.0
2005-06-08 00:00:00+05:30,59.4333308788984,68.12443542480469,59.4333308788984,68.12443542480469,3765090,0.0,0.0
2005-06-09 00:00:00+05:30,69.20320337298847,76.81555588377623,69.20320337298847,70.83151245117188,7031392,0.0,0.0
2005-06-10 00:00:00+05:30,72.33768442648154,72.37839156228934,68.38903169089595,69.08106231689453,1621800,0.0,0.0
2005-06-13 00:00:00+05:30,70.01735332782256,73.96600679155394,69.7323986659883,71.72708129882812,2578549,0.0,0.0
2005-06-14 00:00:00+05:30,72.45981944682121,72.62265267927668,70.30230823324847,70.99433898925781,880257,0.0,0.0
2005-06-15 00:00:00+05:30,71.4828373032344,71.52354444855493,69.61028066668533,70.26160430908203,481534,0.0,0.0
2005-06-16 00:00:00+05:30,70.72971942160139,75.08544756747406,69.22353231324587,69.73237609863281,2193468,0.0,0.0
2005-06-17 00:00:00+05:30,70.05805868648056,70.60761442449255,67.39170359824296,67.8598403930664,536971,0.0,0.0
2005-06-20 00:00:00+05:30,68.79611475956479,68.79611475956479,65.7633862446833,67.22886657714844,481053,0.0,0.0
2005-06-21 00:00:00+05:30,67.57488517579822,68.38904199046742,66.25188442826531,67.51382446289062,247012,0.0,0.0
2005-06-22 00:00:00+05:30,67.94124044949395,69.20318488898715,66.76071959477153,67.2899169921875,238582,0.0,0.0
2005-06-23 00:00:00+05:30,67.77841252359079,68.9996451816735,67.18814976160861,67.88018035888672,235158,0.0,0.0
2005-06-24 00:00:00+05:30,66.84215237858211,69.48815873317783,66.39436446599426,68.89789581298828,370204,0.0,0.0
2005-06-27 00:00:00+05:30,69.20320726747394,69.81382378848508,67.26958517851577,67.6156005859375,527241,0.0,0.0
2005-06-28 00:00:00+05:30,67.6359437028618,68.28727192872795,63.58552264865317,64.37932586669922,204157,0.0,0.0
2005-06-29 00:00:00+05:30,65.72268086884715,65.72268086884715,63.30056870592509,63.60587692260742,261529,0.0,0.0
2005-06-30 00:00:00+05:30,64.5828527301766,64.72533236148853,62.730650133552295,63.19879150390625,265129,0.0,0.0
2005-07-01 00:00:00+05:30,63.30057708003246,64.27756257093573,61.32625252499675,62.058990478515625,875145,0.0,0.0
2005-07-04 00:00:00+05:30,62.282873570532374,64.318263148591,62.282873570532374,63.03596496582031,384601,0.0,0.0
2005-07-05 00:00:00+05:30,63.89084514991396,65.539512665633,60.73599445978691,61.34661102294922,1580818,0.0,0.0
2005-07-06 00:00:00+05:30,61.87580013646376,63.666937636927145,61.87580013646376,62.97490692138672,409128,0.0,0.0
2005-07-07 00:00:00+05:30,63.626247654679965,66.72003779704634,63.13775717141076,64.07403564453125,840042,0.0,0.0
2005-07-08 00:00:00+05:30,64.72533216585406,65.9262112807646,64.31825615794017,64.8881607055664,331278,0.0,0.0
2005-07-11 00:00:00+05:30,66.15011055838907,66.31293911133665,64.68463028869415,65.01029205322266,233442,0.0,0.0
2005-07-12 00:00:00+05:30,65.15276203573286,68.3890305221072,64.6846253233108,67.9005355834961,756658,0.0,0.0
2005-07-13 00:00:00+05:30,68.38905911697829,68.79613529693913,66.78110331456627,67.53419494628906,392226,0.0,0.0
2005-07-14 00:00:00+05:30,68.1448115455478,68.79613529693913,66.98463907522921,67.53419494628906,365814,0.0,0.0
2005-07-15 00:00:00+05:30,68.62887778686226,69.80778006747015,67.59734070051809,69.34464263916016,302328,3.666667,0.0
2005-07-18 00:00:00+05:30,69.89198029861774,71.97611060204291,69.55515179138614,70.9024658203125,534082,0.0,0.0
2005-07-19 00:00:00+05:30,70.90245969837605,73.66024677814858,70.90245969837605,72.60765838623047,730644,0.0,0.0
2005-07-20 00:00:00+05:30,73.5549922735691,73.68130115094557,69.93407996827887,70.50247955322266,383775,0.0,0.0
2005-07-21 00:00:00+05:30,70.35511919628344,71.74453612092398,69.04990818989387,70.50247955322266,262843,0.0,0.0
2005-07-22 00:00:00+05:30,69.89198123081839,71.7655919353229,69.47094679575702,70.37617492675781,230599,0.0,0.0
2005-07-25 00:00:00+05:30,71.11298330722072,71.11298330722072,67.87100721565001,68.33414459228516,572505,0.0,0.0
2005-07-26 00:00:00+05:30,69.47094750882407,70.24986194443883,66.10265753863482,68.37625122070312,622054,0.0,0.0
2005-07-27 00:00:00+05:30,67.78680651722982,68.62887541567659,64.98691610671241,66.39738464355469,293977,0.0,0.0
2005-07-28 00:00:00+05:30,66.39738464355469,66.39738464355469,66.39738464355469,66.39738464355469,0,0.0,0.0
2005-07-29 00:00:00+05:30,66.41842990654564,66.41842990654564,63.808007892690874,64.41851043701172,531957,0.0,0.0
2005-08-01 00:00:00+05:30,64.46061202805585,64.46061202805585,62.41858964271854,62.944881439208984,185565,0.0,0.0
2005-08-02 00:00:00+05:30,63.40802361670025,64.37640611155733,62.650155913089456,62.944881439208984,289333,0.0,0.0
2005-08-03 00:00:00+05:30,64.20800644999372,64.83956062759489,63.19752072950704,64.0606460571289,298593,0.0,0.0
2005-08-04 00:00:00+05:30,63.99749160304398,64.75535468881499,63.155417760117096,64.0606460571289,127155,0.0,0.0
2005-08-05 00:00:00+05:30,64.41849153532233,65.63949626569654,63.82904064352973,64.65006256103516,170290,0.0,0.0
2005-08-08 00:00:00+05:30,65.09216566936144,65.4710971098303,63.2817095646634,63.57643508911133,110506,0.0,0.0
2005-08-09 00:00:00+05:30,63.38697791338568,64.41851493961012,62.58700717863244,63.197509765625,108927,0.0,0.0
2005-08-10 00:00:00+05:30,63.492238923035515,64.3343126676787,63.155410388853326,63.51329040527344,98950,0.0,0.0
2005-08-11 00:00:00+05:30,63.74486093068475,65.68162618866984,63.57644425598478,64.69219207763672,221667,0.0,0.0
2005-08-12 00:00:00+05:30,64.20798569374246,65.02900778656594,62.83962035741108,63.176448822021484,189925,0.0,0.0
2005-08-16 00:00:00+05:30,63.57643764301125,63.74485430019318,62.31332957845888,62.608055114746094,352099,0.0,0.0
2005-08-17 00:00:00+05:30,63.55538146419421,64.62902613070877,62.9448789569064,63.91326141357422,199405,0.0,0.0
2005-08-18 00:00:00+05:30,64.33431006389671,68.54466897995728,64.27115080136375,67.3026123046875,1189174,0.0,0.0
2005-08-19 00:00:00+05:30,67.9552068873895,71.09192529095913,67.80784654149167,69.30252075195312,910072,0.0,0.0
2005-08-22 00:00:00+05:30,70.06037796184486,70.06037796184486,66.33420909386335,67.28153991699219,207829,0.0,0.0
2005-08-23 00:00:00+05:30,67.78680172884319,69.89197864462797,66.94472807150431,67.42891693115234,512827,0.0,0.0
2005-08-24 00:00:00+05:30,67.42891255050863,68.20783171707751,65.09216468755119,65.9763412475586,161407,0.0,0.0
2005-08-25 00:00:00+05:30,66.01844130181416,68.6288630912947,66.01844130181416,67.3447036743164,187410,0.0,0.0
2005-08-26 00:00:00+05:30,67.95520915445046,69.38673379708739,65.76582164230695,65.9763412475586,310441,0.0,0.0
2005-08-29 00:00:00+05:30,66.52369959077512,68.20784223742595,65.7026773401967,67.09209442138672,217150,0.0,0.0
2005-08-30 00:00:00+05:30,67.66049575106362,69.4288491877545,67.61839278614843,68.16574096679688,261058,0.0,0.0
2005-08-31 00:00:00+05:30,68.20785529463457,72.86030596845906,68.20785529463457,71.84981536865234,806692,0.0,0.0
2005-09-01 00:00:00+05:30,73.26027240276252,77.68115090982577,73.26027240276252,76.52330017089844,1642942,0.0,0.0
2005-09-02 00:00:00+05:30,77.07061842975308,78.52319416038497,74.20757473291377,74.81807708740234,866500,0.0,0.0
2005-09-05 00:00:00+05:30,74.81809404073392,77.26010401203304,73.76550569582456,74.8812484741211,451995,0.0,0.0
2005-09-06 00:00:00+05:30,75.04968616132282,75.87070366234582,73.68131562899158,74.62864685058594,241728,0.0,0.0
2005-09-08 00:00:00+05:30,75.76542398856736,80.3126105891826,74.58652197419512,77.87060546875,1005169,0.0,0.0
2005-09-09 00:00:00+05:30,75.74438776143595,78.31270708244234,75.74438776143595,76.22857666015625,462699,0.0,0.0
2005-09-12 00:00:00+05:30,76.22855829289787,76.96537443188264,75.15491852700461,75.47069549560547,198760,0.0,0.0
2005-09-13 00:00:00+05:30,76.14435181405037,77.76533959823873,75.02860910317683,77.00747680664062,313872,0.0,0.0
2005-09-14 00:00:00+05:30,77.38642134894118,79.11266680900431,75.78648476947723,76.56539916992188,575859,0.0,0.0
2005-09-15 00:00:00+05:30,76.96538401145615,80.71260514770454,76.86012179657153,79.21792602539062,1306510,0.0,0.0
2005-09-16 00:00:00+05:30,79.9968430803942,83.6598536039625,79.9968430803942,81.89151000976562,1141771,0.0,0.0
2005-09-19 00:00:00+05:30,82.52304661518097,82.69145841967325,79.82841437793932,80.27050018310547,277968,0.0,0.0
2005-09-20 00:00:00+05:30,79.99683816889892,79.99683816889892,77.9969187806482,78.77583312988281,243637,0.0,0.0
2005-09-21 00:00:00+05:30,78.77584913941239,81.68099715797733,74.94442141398065,76.29174041748047,536370,0.0,0.0
2005-09-22 00:00:00+05:30,76.20751981349242,76.20751981349242,69.00780273779833,69.8498764038086,416032,0.0,0.0
2005-09-23 00:00:00+05:30,71.15508485118168,76.41803663906006,69.04990799073018,71.870849609375,229003,0.0,0.0
2005-09-26 00:00:00+05:30,73.57604511943059,75.11282724792305,72.41819444847911,74.60758209228516,129732,0.0,0.0
2005-09-27 00:00:00+05:30,75.36545477360124,78.31270552598083,74.14444958262786,76.6285629272461,460071,0.0,0.0
2005-09-28 00:00:00+05:30,77.89167204599113,79.15478021528625,76.77592424787197,77.40747833251953,402166,0.0,0.0
2005-09-29 00:00:00+05:30,77.82849873089197,77.82849873089197,74.60757444440229,74.8812484741211,325513,0.0,0.0
2005-09-30 00:00:00+05:30,74.94439837559987,75.7864718916316,70.7340404321895,73.15499877929688,175426,0.0,0.0
2005-10-03 00:00:00+05:30,74.90229457663494,75.15491711042884,73.26025533453569,75.0496597290039,146706,0.0,0.0
2005-10-04 00:00:00+05:30,75.87067414453902,76.83905647307941,75.15491434048177,76.14434814453125,248457,0.0,0.0
2005-10-05 00:00:00+05:30,76.62854541084158,79.1547611406674,74.52336402986201,77.00747680664062,519568,0.0,0.0
2005-10-06 00:00:00+05:30,76.839061043221,76.839061043221,73.68129134530268,75.1128158569336,187705,0.0,0.0
2005-10-07 00:00:00+05:30,74.58652867240875,76.46013924980404,73.95497465347492,74.3549575805664,121275,0.0,0.0
2005-10-10 00:00:00+05:30,75.5338525512939,75.5338525512939,73.04973966949998,73.63919067382812,106957,0.0,0.0
2005-10-11 00:00:00+05:30,74.90229861984852,75.19702412212163,72.83922492231109,73.09184265136719,125430,0.0,0.0
2005-10-13 00:00:00+05:30,73.30236787534949,76.50224087296431,73.09184826658876,73.3865737915039,209706,0.0,0.0
2005-10-14 00:00:00+05:30,74.52336843863388,74.52336843863388,71.2603412006942,71.66032409667969,125431,0.0,0.0
2005-10-17 00:00:00+05:30,72.54451449460045,73.68130896669882,70.73405814991096,73.36553192138672,299979,0.0,0.0
2005-10-18 00:00:00+05:30,73.26027734059149,73.68131181113638,71.66034057047027,72.35504913330078,144379,0.0,0.0
2005-10-19 00:00:00+05:30,71.66033266966234,71.66033266966234,69.47094499114078,69.57620239257812,96913,0.0,0.0
2005-10-20 00:00:00+05:30,73.19711804464855,73.19711804464855,68.03942323480322,68.48151397705078,128886,0.0,0.0
2005-10-21 00:00:00+05:30,69.3867364002787,69.3867364002787,67.0078806723234,68.46045684814453,94446,0.0,0.0
2005-10-24 00:00:00+05:30,70.10249984817622,70.10249984817622,67.78680326111824,68.31309509277344,63441,0.0,0.0
2005-10-25 00:00:00+05:30,69.21830774255288,69.3235651216871,67.63942296366994,68.0394058227539,52978,0.0,0.0
2005-10-26 00:00:00+05:30,68.4183476453612,70.27090176219146,68.4183476453612,69.15515899658203,68568,0.0,0.0
2005-10-27 00:00:00+05:30,69.40779165367148,69.40779165367148,67.78680355389227,68.22888946533203,36724,0.0,0.0
2005-10-28 00:00:00+05:30,68.69203148585034,68.7130877862663,64.06063797966874,64.69219207763672,92307,0.0,0.0
2005-10-31 00:00:00+05:30,64.41849515487121,65.36582596597225,63.49221581834749,64.14482116699219,157561,0.0,0.0
2005-11-02 00:00:00+05:30,64.6290251213824,66.94472142622772,64.6290251213824,66.08159637451172,113407,0.0,0.0
2005-11-04 00:00:00+05:30,66.08159637451172,66.08159637451172,66.08159637451172,66.08159637451172,0,0.0,0.0
2005-11-07 00:00:00+05:30,64.50271392879736,67.36575840818035,64.50271392879736,65.89213562011719,134595,0.0,0.0
2005-11-08 00:00:00+05:30,66.18686170105485,69.19726655734911,65.8921361772752,68.39730072021484,468288,0.0,0.0
2005-11-09 00:00:00+05:30,68.62885988276417,71.07086973598024,68.62885988276417,70.43931579589844,247458,0.0,0.0
2005-11-10 00:00:00+05:30,71.09193514989913,71.11298663080393,69.04991259188317,69.28147888183594,49888,0.0,0.0
2005-11-11 00:00:00+05:30,69.82880371560444,70.31299725155746,69.23935281025878,69.63933563232422,71185,0.0,0.0
2005-11-14 00:00:00+05:30,70.10248170559558,70.52351602563073,69.68144738556045,70.14458465576172,68410,0.0,0.0
2005-11-16 00:00:00+05:30,70.20774530677511,70.6708874364199,69.15515700416071,69.72355651855469,71563,0.0,0.0
2005-11-17 00:00:00+05:30,69.93408515336434,71.8919066264812,69.57620515588873,71.15509033203125,149871,0.0,0.0
2005-11-18 00:00:00+05:30,71.57611592022901,73.44972629261729,70.73404238099715,72.03925323486328,227133,0.0,0.0
2005-11-21 00:00:00+05:30,72.60767449988852,72.60767449988852,69.89198977490194,70.88142395019531,81082,0.0,0.0
2005-11-22 00:00:00+05:30,71.55506189439065,71.55506189439065,69.13410356681561,69.47093200683594,49671,0.0,0.0
2005-11-23 00:00:00+05:30,69.68146713046227,70.60774675170867,68.62887380455147,69.66041564941406,160623,0.0,0.0
2005-11-24 00:00:00+05:30,69.04991466430046,71.57613099569713,69.04991466430046,69.99724578857422,78565,0.0,0.0
2005-11-25 00:00:00+05:30,71.13403722086353,72.58661347697878,70.18670613688622,70.8182601928711,236418,0.0,0.0
2005-11-28 00:00:00+05:30,74.88126579786712,76.29173922836497,74.20760871580492,74.58654022216797,279054,0.0,0.0
2005-11-29 00:00:00+05:30,74.94439222064844,75.19701473654825,71.68136544386576,72.12345123291016,132487,0.0,0.0
2005-11-30 00:00:00+05:30,72.79712244110698,73.87076714114168,70.77615155149702,71.07087707519531,187779,0.0,0.0
2005-12-01 00:00:00+05:30,71.57612445163832,71.78663924775759,70.73405081203674,71.23929595947266,80338,0.0,0.0
2005-12-02 00:00:00+05:30,71.9340128044954,72.41820171035772,68.71308786485015,69.78672790527344,236845,0.0,0.0
2005-12-05 00:00:00+05:30,70.94457284546917,71.09193320777709,68.73413368222552,70.31301879882812,154906,0.0,0.0
2005-12-06 00:00:00+05:30,70.31301885045973,72.58661245636202,69.72356776404526,70.03934478759766,143146,0.0,0.0
2005-12-07 00:00:00+05:30,70.71301370240596,71.15509968246998,69.26043722212277,69.44990539550781,152238,0.0,0.0
2005-12-08 00:00:00+05:30,69.89197576532229,71.15508379010747,68.62886774053709,69.26042175292969,118918,0.0,0.0
2005-12-09 00:00:00+05:30,69.84986967971122,71.15508060443729,68.50255579849394,69.0499038696289,238285,0.0,0.0
2005-12-12 00:00:00+05:30,69.47093995487619,70.10249395446597,68.7972829977637,69.1130599975586,170358,0.0,0.0
2005-12-13 00:00:00+05:30,69.47092752869322,70.31300098365045,69.17620206037688,69.95511627197266,119140,0.0,0.0
2005-12-14 00:00:00+05:30,70.60774047568744,70.9445689608946,69.15516432059894,69.53409576416016,114583,0.0,0.0
2005-12-15 00:00:00+05:30,69.89198592352508,70.62880225732289,67.82891175299227,68.60782623291016,118761,0.0,0.0
2005-12-16 00:00:00+05:30,68.98672914229256,69.89195695892828,68.62884927401768,69.40776824951172,72595,0.0,0.0
2005-12-19 00:00:00+05:30,70.018287487286,70.22880227323948,68.67096876531079,69.00779724121094,101431,0.0,0.0
2005-12-20 00:00:00+05:30,69.42884116726161,69.57620152744155,67.61838497480134,67.97626495361328,110794,0.0,0.0
2005-12-21 00:00:00+05:30,68.31308711229536,69.89197205956239,68.16572676579186,69.21831512451172,254061,0.0,0.0
2005-12-22 00:00:00+05:30,69.7867285852004,70.27091749578013,69.15517448035695,69.34464263916016,78250,0.0,0.0
2005-12-23 00:00:00+05:30,69.49199757615999,70.03934570908545,67.99731836011355,68.22888946533203,61731,0.0,0.0
2005-12-26 00:00:00+05:30,68.20781926527641,68.24992221496564,67.00786592563847,67.28153991699219,85833,0.0,0.0
2005-12-27 00:00:00+05:30,66.94472100409057,68.43940002210061,66.94472100409057,68.0815200805664,36579,0.0,0.0
2005-12-28 00:00:00+05:30,67.87100784605542,68.7341329859548,67.36576268651068,67.89205932617188,38616,0.0,0.0
2005-12-29 00:00:00+05:30,68.41836172889165,68.52361913834002,67.36576836090654,67.63944244384766,74139,0.0,0.0
2005-12-30 00:00:00+05:30,68.58676478216088,70.56563273609109,67.89205633220398,69.26042175292969,128424,0.0,0.0
2006-01-02 00:00:00+05:30,69.47095338346622,69.95514230694462,67.78681066514375,68.8604507446289,56176,0.0,0.0
2006-01-03 00:00:00+05:30,69.34461901503835,72.41817774471012,69.07094502039058,70.96560668945312,469240,0.0,0.0
2006-01-04 00:00:00+05:30,72.83923016582233,74.52337257263842,70.96561963020051,74.01812744140625,1109967,0.0,0.0
2006-01-05 00:00:00+05:30,75.78648351700181,77.30221415101683,74.98651283130297,75.59701538085938,1134471,0.0,0.0
2006-01-06 00:00:00+05:30,76.20750654060429,77.00747710674123,74.12338144640054,75.00755310058594,371148,0.0,0.0
2006-01-09 00:00:00+05:30,75.15494898908769,76.01807433800832,72.9234578277236,73.2392349243164,271486,0.0,0.0
2006-01-10 00:00:00+05:30,73.49183153590225,73.74444926900337,71.91294661214826,72.20767211914062,110830,0.0,0.0
2006-01-12 00:00:00+05:30,71.99714312984815,71.99714312984815,67.80783696362509,70.77613830566406,174376,0.0,0.0
2006-01-13 00:00:00+05:30,70.81826949997193,72.41820633084268,70.35513204662479,70.88142395019531,120981,0.0,0.0
2006-01-16 00:00:00+05:30,71.34454947552014,71.36560095398661,70.12354445096659,70.46037292480469,81732,0.0,0.0
2006-01-17 00:00:00+05:30,70.9024574621384,71.36559961646978,69.04990329993629,69.21831512451172,94479,0.0,0.0
2006-01-18 00:00:00+05:30,69.47094833169105,71.49191944671743,68.69202906847501,70.98667907714844,91648,0.0,0.0
2006-01-19 00:00:00+05:30,73.00764379221361,76.58644830157341,73.00764379221361,75.0917739868164,463080,0.0,0.0
2006-01-20 00:00:00+05:30,73.97602730526158,77.42852298470697,73.97602730526158,75.87068939208984,458028,0.0,0.0
2006-01-23 00:00:00+05:30,75.76541955944158,76.60749306596323,73.78655187840847,75.0496597290039,188403,0.0,0.0
2006-01-24 00:00:00+05:30,75.95488596472566,77.40746197990303,75.47069717191604,76.0811996459961,245346,0.0,0.0
2006-01-25 00:00:00+05:30,76.20750882457796,76.5022343242642,74.64967541720053,75.17597198486328,156522,0.0,0.0
2006-01-27 00:00:00+05:30,75.57597610470876,76.20753023599707,75.04968420755226,75.38651275634766,82230,0.0,0.0
2006-01-30 00:00:00+05:30,74.9654602917156,76.20751685302058,73.74445520986495,75.0917739868164,118482,0.0,0.0
2006-01-31 00:00:00+05:30,74.73389041715323,75.28123367497061,73.68129722164961,74.5023193359375,86218,0.0,0.0
2006-02-01 00:00:00+05:30,73.95497502366555,74.52337460722615,73.38657544010498,73.72340393066406,78715,0.0,0.0
2006-02-02 00:00:00+05:30,73.30236641361186,74.31285184243866,73.30236641361186,73.78656005859375,118074,0.0,0.0
2006-02-03 00:00:00+05:30,72.86029501159838,74.20760918422746,72.83924352879951,73.95498657226562,54654,0.0,0.0
2006-02-06 00:00:00+05:30,75.74437857394986,76.62855515550224,74.62863090281537,75.6180648803711,164037,0.0,0.0
2006-02-07 00:00:00+05:30,76.56539644752193,79.09161251668102,75.17597953683435,75.72332763671875,556828,0.0,0.0
2006-02-08 00:00:00+05:30,76.2075029849657,79.57579208682913,74.94439517406364,79.09159851074219,585684,0.0,0.0
2006-02-10 00:00:00+05:30,80.29157416128005,82.10203047721618,77.99692895335536,78.31270599365234,588027,0.0,0.0
2006-02-13 00:00:00+05:30,79.15477868497193,79.51265868356988,76.27067757824835,76.52330017089844,313509,0.0,0.0
2006-02-14 00:00:00+05:30,77.2601275223365,77.2601275223365,74.94442571314225,75.15494537353516,152988,0.0,0.0
2006-02-15 00:00:00+05:30,75.9970110318182,76.50225141675328,74.54443468608224,75.78649139404297,127098,0.0,0.0
2006-02-16 00:00:00+05:30,75.78648207477278,77.04959010935232,74.77599661078409,75.72332763671875,327924,0.0,0.0
2006-02-17 00:00:00+05:30,77.00748049505344,79.1547649319283,76.20750989371797,76.77590942382812,508819,0.0,0.0
2006-02-20 00:00:00+05:30,77.57588710942636,78.3126985270777,74.33390627133593,75.0917739868164,269259,0.0,0.0
2006-02-21 00:00:00+05:30,75.40753739153139,77.04957658457711,75.00754971731757,75.4285888671875,298923,0.0,0.0
2006-02-22 00:00:00+05:30,75.7864778521116,76.03910040862688,74.9444042698522,75.57595825195312,172198,0.0,0.0
2006-02-23 00:00:00+05:30,76.18646386901054,76.58644678911872,73.15500752207926,73.3865737915039,123438,0.0,0.0
2006-02-24 00:00:00+05:30,74.418125072547,74.52338248122588,73.47079393931106,74.18655395507812,91401,0.0,0.0
2006-02-27 00:00:00+05:30,74.18654308988124,75.78647955935374,72.2076751862869,72.69186401367188,106951,0.0,0.0
2006-02-28 00:00:00+05:30,73.72339797707146,75.30228290480517,72.69186110918528,74.06022644042969,122868,0.0,0.0
2006-03-01 00:00:00+05:30,73.68129134530268,75.99699233602556,72.98658297543548,75.1128158569336,180453,0.0,0.0
2006-03-02 00:00:00+05:30,75.78646900585557,76.312765535632,73.72339065656611,73.97601318359375,144001,0.0,0.0
2006-03-03 00:00:00+05:30,74.52336567208829,78.10216976208079,73.32341221030356,77.07063293457031,693274,0.0,0.0
2006-03-06 00:00:00+05:30,77.89167225316321,78.48111855781013,75.78649035928032,76.58645629882812,557680,0.0,0.0
2006-03-07 00:00:00+05:30,77.0074908805242,77.0074908805242,75.04967429577358,75.76543426513672,238300,0.0,0.0
2006-03-08 00:00:00+05:30,75.78647020562585,76.5864359324413,74.62861974913744,75.84962463378906,210447,0.0,0.0
2006-03-09 00:00:00+05:30,74.986507226209,76.58644365963971,73.78655851491683,75.57595825195312,121588,0.0,0.0
2006-03-10 00:00:00+05:30,76.14437271373943,76.418046802037,75.57597305484258,76.20752716064453,170328,0.0,0.0
2006-03-13 00:00:00+05:30,76.83906265451455,79.76526616942158,75.8917317252738,79.02845001220703,488859,0.0,0.0
2006-03-14 00:00:00+05:30,79.5758116655185,79.91264017674014,77.3022180101787,79.23898315429688,259686,0.0,0.0
2006-03-16 00:00:00+05:30,79.99685371160885,87.99653763725708,79.91264778038507,87.11236572265625,1744422,0.0,0.0
2006-03-17 00:00:00+05:30,87.9544220700729,89.11227755038723,83.38618831680911,83.70196533203125,656362,0.0,0.0
2006-03-20 00:00:00+05:30,84.45982698739398,87.15445490748743,83.57564557584799,84.58613586425781,364341,0.0,0.0
2006-03-21 00:00:00+05:30,86.1439725591408,87.5755022057933,84.43877847243394,85.04928588867188,373198,0.0,0.0
2006-03-22 00:00:00+05:30,85.02821528347219,85.02821528347219,82.56515864337116,83.42828369140625,192972,0.0,0.0
2006-03-23 00:00:00+05:30,84.33352945375113,86.10187324119377,82.62832565810862,83.34408569335938,153982,0.0,0.0
2006-03-24 00:00:00+05:30,82.52305785069913,84.96506789530822,80.9862758336046,84.43876647949219,223053,0.0,0.0
2006-03-27 00:00:00+05:30,85.4492688539827,86.22818812156194,83.47040069047097,85.04928588867188,213978,0.0,0.0
2006-03-28 00:00:00+05:30,85.47031705845185,85.47031705845185,81.7862547417925,82.33360290527344,77182,0.0,0.0
2006-03-29 00:00:00+05:30,81.82835288866134,83.99668911477599,81.82835288866134,82.6283187866211,61767,0.0,0.0
2006-03-30 00:00:00+05:30,83.47039669919297,86.94394396914142,82.27043822388804,85.63873291015625,171471,0.0,0.0
2006-03-31 00:00:00+05:30,87.36498438009431,97.68037488176354,85.89136129560637,96.22779846191406,1352770,0.0,0.0
2006-04-03 00:00:00+05:30,97.55403709391244,98.35401256406874,93.3015805438152,94.35416412353516,413857,0.0,0.0
2006-04-04 00:00:00+05:30,94.85941548174709,98.94347010589318,94.52259179787934,97.61720275878906,577221,0.0,0.0
2006-04-05 00:00:00+05:30,98.22770984233757,99.97500678896508,96.83828324035677,99.25924682617188,425992,0.0,0.0
2006-04-07 00:00:00+05:30,98.52242224455391,99.78553022204818,79.99683696851294,98.41716003417969,501771,0.0,0.0
2006-04-10 00:00:00+05:30,98.52241661062175,98.94345579129272,95.80673268695362,97.0066909790039,126118,0.0,0.0
2006-04-12 00:00:00+05:30,96.41725222107921,97.68036028669705,84.20720116227346,88.88070678710938,407982,0.0,0.0
2006-04-13 00:00:00+05:30,90.10170966211369,92.62792573080145,85.89134633538423,86.31238555908203,351585,0.0,0.0
2006-04-17 00:00:00+05:30,87.57549126713391,96.79617389086302,87.57549126713391,94.71204376220703,381016,0.0,0.0
2006-04-18 00:00:00+05:30,95.82779369446436,95.82779369446436,91.07008252021151,94.05944061279297,115743,0.0,0.0
2006-04-19 00:00:00+05:30,95.32254484362473,96.54354980667273,93.46998592164668,94.29100799560547,119908,0.0,0.0
2006-04-20 00:00:00+05:30,93.4699928129284,95.99620883489943,93.07000989434955,95.28044891357422,92430,0.0,0.0
2006-04-21 00:00:00+05:30,95.57517792277959,98.73294822459775,93.6805157416887,94.83837127685547,267679,0.0,0.0
2006-04-24 00:00:00+05:30,95.99620905667473,97.68035628746267,93.28052489943208,95.74359130859375,164889,0.0,0.0
2006-04-25 00:00:00+05:30,96.83827149610313,96.83827149610313,90.96482732645204,91.8489990234375,153268,0.0,0.0
2006-04-26 00:00:00+05:30,92.20690509225356,95.57519065049635,91.00695607246591,91.7858657836914,150081,0.0,0.0
2006-04-27 00:00:00+05:30,93.63842611238975,94.31208323024318,92.22796224370539,92.54373931884766,72418,0.0,0.0
2006-04-28 00:00:00+05:30,86.73341183920284,93.04895177013385,86.73341183920284,91.25955200195312,135544,0.0,0.0
2006-05-02 00:00:00+05:30,92.6279291014751,93.57526016170581,92.20688986245594,92.79634094238281,97678,0.0,0.0
2006-05-03 00:00:00+05:30,93.47001679090913,94.10157095841528,92.20690845589685,92.64899444580078,122554,0.0,0.0
2006-05-04 00:00:00+05:30,93.46998949067819,98.9434605559856,92.62792072553437,95.15413665771484,372063,0.0,0.0
2006-05-05 00:00:00+05:30,96.37514169163377,96.62775943021578,94.31205827955135,94.88046264648438,190854,0.0,0.0
2006-05-08 00:00:00+05:30,95.57516471667313,101.89070444765922,95.57516471667313,96.66986083984375,1024018,0.0,0.0
2006-05-09 00:00:00+05:30,97.23827519908338,98.31192487958337,95.15415437634998,95.5330810546875,410530,0.0,0.0
2006-05-10 00:00:00+05:30,96.71197598170279,97.84877520387138,95.5330737984724,96.45935821533203,165982,0.0,0.0
2006-05-11 00:00:00+05:30,98.08035814364862,98.08035814364862,94.73311933319225,95.40677642822266,150319,0.0,0.0
2006-05-12 00:00:00+05:30,95.06993536132977,95.06993536132977,91.80690307823231,92.29109191894531,155736,0.0,0.0
2006-05-15 00:00:00+05:30,92.2910921707538,95.57517112366895,90.56484195876332,92.48056030273438,481426,0.0,0.0
2006-05-16 00:00:00+05:30,93.47001433971013,94.31208332871826,86.96500465763674,92.27006530761719,309372,0.0,0.0
2006-05-17 00:00:00+05:30,95.15412472829516,95.15412472829516,92.20686996466395,93.36471557617188,306312,0.0,0.0
2006-05-18 00:00:00+05:30,92.64895969475774,94.05943270961092,89.28067527702822,93.04894256591797,177996,0.0,0.0
2006-05-19 00:00:00+05:30,92.62791626655076,93.86996787626593,85.17557769801408,88.29124450683594,344880,0.0,0.0
2006-05-22 00:00:00+05:30,85.0492879708933,88.41757326393586,75.78649136908788,78.10218811035156,154114,0.0,0.0
2006-05-23 00:00:00+05:30,78.31268443432666,83.78615483822243,76.20750313910722,82.94407653808594,53295,0.0,0.0
2006-05-24 00:00:00+05:30,82.14413103443717,85.84924948364579,81.68098881909853,82.56517028808594,75223,0.0,0.0
2006-05-25 00:00:00+05:30,82.10202424868753,82.79673753933787,77.09169494695867,78.3758544921875,95122,0.0,0.0
2006-05-26 00:00:00+05:30,80.3968123923599,83.78615289822494,79.15475608332781,79.57579040527344,109911,0.0,0.0
2006-05-29 00:00:00+05:30,82.58620876937653,82.58620876937653,79.15476954782842,79.78632354736328,70101,0.0,0.0
2006-05-30 00:00:00+05:30,79.99683119772205,83.4703827036317,79.57579684172127,82.92303466796875,89649,0.0,0.0
2006-05-31 00:00:00+05:30,82.10201416015624,82.10201416015624,77.89165606576017,78.94424438476562,52759,0.0,0.0
2006-06-01 00:00:00+05:30,79.99685521209406,82.8809565943607,73.84973056832199,74.83916473388672,44599,0.0,0.0
2006-06-02 00:00:00+05:30,75.53385451712585,76.20751144864069,73.30236412459247,74.43916320800781,56058,0.0,0.0
2006-06-05 00:00:00+05:30,77.84955446357438,77.84955446357438,72.71291650668323,73.74445343017578,82164,0.0,0.0
2006-06-06 00:00:00+05:30,70.98667811108864,71.15508995919464,68.20783925196325,68.92359924316406,39306,0.0,0.0
2006-06-07 00:00:00+05:30,69.47093947097551,70.73404746135688,65.26058110916246,65.51319885253906,73443,0.0,0.0
2006-06-08 00:00:00+05:30,63.78695358845692,66.08159848875233,57.05037923804508,59.07135009765625,197475,0.0,0.0
2006-06-09 00:00:00+05:30,59.49238607158651,69.97618653756383,59.49238607158651,68.98674774169922,127270,0.0,0.0
2006-06-12 00:00:00+05:30,68.20783780490095,68.9446492614832,65.63951862877136,66.1868667602539,96352,0.0,0.0
2006-06-13 00:00:00+05:30,63.57643706343717,63.57643706343717,56.166205400857834,56.96617126464844,183895,0.0,0.0
2006-06-14 00:00:00+05:30,62.31332677326635,62.31332677326635,55.99778673481453,57.534568786621094,124752,0.0,0.0
2006-06-15 00:00:00+05:30,59.78712140305605,64.83955433340938,58.52401317046771,61.66073226928711,168646,0.0,0.0
2006-06-16 00:00:00+05:30,64.73426887771761,68.62884930163469,62.313310874540285,63.66062927246094,127755,0.0,0.0
2006-06-19 00:00:00+05:30,63.997469054041424,66.10264569205232,62.755412621162826,63.1553955078125,150268,0.0,0.0
2006-06-20 00:00:00+05:30,62.1449169146745,66.52369212277756,62.1449169146745,64.41851043701172,121897,0.0,0.0
2006-06-21 00:00:00+05:30,65.2184716038602,68.58676109500297,65.2184716038602,65.99739074707031,168015,0.0,0.0
2006-06-22 00:00:00+05:30,68.18678389135911,69.42884047397277,66.16580810044753,66.83946990966797,99987,0.0,0.0
2006-06-23 00:00:00+05:30,66.73421200435143,70.90246791603107,66.73421200435143,69.02886199951172,180613,0.0,0.0
2006-06-26 00:00:00+05:30,70.9445706840173,72.20767873881655,67.8499549860841,69.59725189208984,184959,0.0,0.0
2006-06-27 00:00:00+05:30,75.78648807459567,75.78648807459567,68.73413592933473,71.51296997070312,272898,0.0,0.0
2006-06-28 00:00:00+05:30,71.99716456995809,71.99716456995809,68.20784011890765,71.2603530883789,83283,0.0,0.0
2006-06-29 00:00:00+05:30,73.26027904023191,73.59710758815736,72.0392737471113,72.41820526123047,58326,0.0,0.0
2006-06-30 00:00:00+05:30,75.112837399705,75.68123707202525,73.3655354171465,73.95498657226562,51226,0.0,0.0
2006-07-03 00:00:00+05:30,76.83905902548943,77.0495786059473,74.52336291394903,75.68121337890625,65230,0.0,0.0
2006-07-04 00:00:00+05:30,76.62856752001427,77.42853349546888,74.754956658587,75.40756225585938,62719,0.0,0.0
2006-07-05 00:00:00+05:30,75.55492148803842,75.57597297031657,72.96555062082149,73.4286880493164,65259,0.0,0.0
2006-07-06 00:00:00+05:30,72.62869831885968,74.64966886646971,72.50238946652425,73.47077178955078,49978,0.0,0.0
2006-07-07 00:00:00+05:30,74.52337221828847,77.68114222753798,73.89181821643857,74.6496810913086,220357,0.0,0.0
2006-07-10 00:00:00+05:30,78.9442544199899,78.9442544199899,73.30237106165798,74.60758209228516,45532,0.0,0.0
2006-07-11 00:00:00+05:30,74.52336718032035,75.76542362121732,73.26025926200984,73.63919067382812,38290,0.0,0.0
2006-07-12 00:00:00+05:30,73.72341529947246,77.47063705087528,73.68131233395678,77.28117370605469,120276,0.0,0.0
2006-07-13 00:00:00+05:30,77.04960090783896,77.78641242514944,75.80754417853674,76.20752716064453,38101,0.0,0.0
2006-07-14 00:00:00+05:30,73.78655490809567,76.33382219016272,73.78655490809567,76.0811996459961,41179,0.0,0.0
2006-07-17 00:00:00+05:30,72.52344186127986,79.53368925898873,72.52344186127986,75.4285888671875,83902,0.0,0.0
2006-07-18 00:00:00+05:30,76.79695160259261,78.73371621126574,75.61804973005287,77.26009368896484,74311,0.0,0.0
2006-07-19 00:00:00+05:30,77.89167520940225,78.69164117931133,72.83924232702752,73.2602767944336,141339,0.0,0.0
2006-07-20 00:00:00+05:30,76.62854370292413,77.09168099449509,74.43915646464778,75.84962463378906,85186,0.0,0.0
2006-07-21 00:00:00+05:30,75.84964331743329,76.20752331688692,73.87077517063082,74.3970718383789,42132,0.0,0.0
2006-07-24 00:00:00+05:30,74.35496780784206,77.26012054923143,72.41820252583278,76.20752716064453,55204,0.0,0.0
2006-07-25 00:00:00+05:30,76.62856916405313,77.89167742050249,76.4601524812846,77.51274108886719,48016,0.0,0.0
2006-07-26 00:00:00+05:30,77.04959891774445,79.89159232044814,76.64961594596771,79.55476379394531,66630,0.0,0.0
2006-07-27 00:00:00+05:30,79.89157131254214,81.68097088331415,77.57587519946271,78.43899536132812,70681,0.0,0.0
2006-07-28 00:00:00+05:30,79.9968585253947,81.47048650236377,76.62857289000232,78.01799011230469,180715,0.0,0.0
2006-07-31 00:00:00+05:30,79.57579407848856,81.44939954773774,78.03901222764459,79.34422302246094,72973,0.0,0.0
2006-08-01 00:00:00+05:30,77.70219883194684,79.9126379842316,77.32326736951588,78.79689025878906,36985,0.0,0.0
2006-08-02 00:00:00+05:30,78.35480449679736,79.99684404920546,78.10218191526342,79.53370666503906,30382,0.0,0.0
2006-08-03 00:00:00+05:30,80.71260510904983,81.47046800030743,79.365286342495,79.4916000366211,56730,0.0,0.0
2006-08-04 00:00:00+05:30,80.8389197871934,80.8389197871934,78.81794871986361,79.23898315429688,70767,0.0,0.0
2006-08-07 00:00:00+05:30,79.15478378479817,82.52307399427113,79.15478378479817,80.03895568847656,139762,0.0,0.0
2006-08-08 00:00:00+05:30,81.17575103582213,81.17575103582213,78.9863585414447,79.53370666503906,170749,0.0,0.0
2006-08-09 00:00:00+05:30,80.66431128242807,82.22976525123903,79.25105678458925,81.14264678955078,115543,4.0,0.0
2006-08-10 00:00:00+05:30,80.96872130797588,81.31659948377497,78.49008992746269,79.46849822998047,177396,0.0,0.0
2006-08-11 00:00:00+05:30,83.05599216921179,83.05599216921179,78.07697757037585,78.75099182128906,267163,0.0,0.0
2006-08-14 00:00:00+05:30,81.31658091064885,83.05597636879934,79.5771904289392,80.14249420166016,301269,0.0,0.0
2006-08-16 00:00:00+05:30,81.75143368635682,83.03423574408366,80.12075352623295,80.96870422363281,496186,0.0,0.0
2006-08-17 00:00:00+05:30,82.12104915257939,82.4906693041649,78.92491522662624,79.42498779296875,159915,0.0,0.0
2006-08-18 00:00:00+05:30,80.01203098657386,80.70778712866053,79.57718464187981,80.35990905761719,100372,0.0,0.0
2006-08-21 00:00:00+05:30,79.6641640538776,81.59923827180373,79.6641640538776,80.66431427001953,109066,0.0,0.0
2006-08-22 00:00:00+05:30,80.88173037321693,85.8390016998246,80.44688401927121,82.3819580078125,1005562,0.0,0.0
2006-08-23 00:00:00+05:30,83.49083592604761,87.6218895943441,83.05598948107999,84.25182342529297,1367134,0.0,0.0
2006-08-24 00:00:00+05:30,83.27340483028377,83.92568192021669,81.7514398830975,82.53416442871094,268903,0.0,0.0
2006-08-25 00:00:00+05:30,83.49080241533865,83.81693836227356,81.53398673372915,81.86012268066406,270820,0.0,0.0
2006-08-28 00:00:00+05:30,82.62112861369775,82.62112861369775,80.9904484109508,81.51226806640625,251224,0.0,0.0
2006-08-29 00:00:00+05:30,82.62112930578218,83.05598068111797,80.99044908937569,81.36006927490234,129736,0.0,0.0
2006-08-30 00:00:00+05:30,81.96885460529198,82.38196389633133,80.6860525441971,81.2296142578125,185296,0.0,0.0
2006-08-31 00:00:00+05:30,81.72969436554337,83.70824771818604,80.66431297569743,81.16439056396484,201486,0.0,0.0
2006-09-01 00:00:00+05:30,81.31657057645182,82.40369384374794,80.8817242553975,81.07740783691406,63067,0.0,0.0
2006-09-04 00:00:00+05:30,81.66446263542407,82.94726472781886,81.42529985486583,81.70794677734375,108885,0.0,0.0
2006-09-05 00:00:00+05:30,81.9688673912803,84.70841348067633,79.62068858354208,84.01265716552734,344407,0.0,0.0
2006-09-06 00:00:00+05:30,84.79535407033829,86.49126513289713,83.92566144878205,85.66504669189453,274807,0.0,0.0
2006-09-07 00:00:00+05:30,84.79535983718989,87.40444783218035,83.59953115711288,85.4476318359375,381606,0.0,0.0
2006-09-08 00:00:00+05:30,85.79552417491607,86.90438470234326,84.79536902380323,85.2737045288086,265395,0.0,0.0
2006-09-11 00:00:00+05:30,86.40428458087028,88.70898340217263,82.42543173823607,83.05596160888672,368929,0.0,0.0
2006-09-12 00:00:00+05:30,83.92566837839524,84.36050974863747,80.92521315931901,82.81680297851562,195046,0.0,0.0
2006-09-13 00:00:00+05:30,84.70838717637952,86.09989937457445,83.53429564887743,84.36050415039062,145366,0.0,0.0
2006-09-14 00:00:00+05:30,85.57807333163159,86.53474411599692,84.68663371997465,85.46936798095703,169855,0.0,0.0
2006-09-15 00:00:00+05:30,85.46938868649607,85.53460992212518,84.2300657749593,85.0562744140625,65788,0.0,0.0
2006-09-18 00:00:00+05:30,83.05596598536992,85.16497636975262,83.05596598536992,84.2735366821289,123393,0.0,0.0
2006-09-19 00:00:00+05:30,83.4908218383789,84.57794523202665,83.09945960629966,83.4908218383789,112980,0.0,0.0
2006-09-20 00:00:00+05:30,82.70808988578054,83.42558807570323,82.1862703059602,82.6211166381836,160863,0.0,0.0
2006-09-21 00:00:00+05:30,84.7953501457158,84.7953501457158,81.79490028969383,82.36019897460938,105460,0.0,0.0
2006-09-22 00:00:00+05:30,83.46907693689138,83.59953432745249,82.22975909698425,83.09945678710938,71787,0.0,0.0
2006-09-25 00:00:00+05:30,82.46893310546875,83.77347725166348,81.94711345641447,82.46893310546875,65290,0.0,0.0
2006-09-26 00:00:00+05:30,83.70823149698026,84.31701932279367,81.31656930394773,82.57762908935547,77656,0.0,0.0
2006-09-27 00:00:00+05:30,82.83855038072853,84.05612620156441,82.83855038072853,83.1429443359375,71898,0.0,0.0
2006-09-28 00:00:00+05:30,83.27339404877075,83.6647562709073,81.20786761562073,81.88188171386719,44592,0.0,0.0
2006-09-29 00:00:00+05:30,82.62113289587016,82.62113289587016,80.70780069528882,81.46878814697266,83944,0.0,0.0
2006-10-03 00:00:00+05:30,84.36051387791989,84.36051387791989,80.75128056383961,81.44703674316406,92086,0.0,0.0
2006-10-04 00:00:00+05:30,83.03422758486067,83.03422758486067,80.96869626737589,81.57748413085938,89530,0.0,0.0
2006-10-05 00:00:00+05:30,82.40370942213912,83.27340222866289,81.09916523591234,81.27310180664062,166438,0.0,0.0
2006-10-06 00:00:00+05:30,82.1862824259405,82.3819660413406,80.7295387870402,81.77317810058594,156936,0.0,0.0
2006-10-09 00:00:00+05:30,81.77317838037986,85.66506384273313,81.27310079289138,83.3603744506836,265833,0.0,0.0
2006-10-10 00:00:00+05:30,84.79536722043841,85.23021857509353,82.33847348889176,82.9907455444336,108874,0.0,0.0
2006-10-11 00:00:00+05:30,84.66489683365207,84.79534922650153,82.66459197488165,83.12118530273438,88419,0.0,0.0
2006-10-12 00:00:00+05:30,82.18626690888689,83.66474736319933,82.18626690888689,82.57762908935547,117216,0.0,0.0
2006-10-13 00:00:00+05:30,83.4908037480393,84.12132861083441,81.14262588791364,81.42527770996094,105258,0.0,0.0
2006-10-16 00:00:00+05:30,82.2949851934324,84.49097397303395,81.42529248091684,81.9688491821289,214510,0.0,0.0
2006-10-17 00:00:00+05:30,81.9905962867169,83.05597763846366,76.35931547273917,81.8384017944336,72330,0.0,0.0
2006-10-18 00:00:00+05:30,81.273095515318,83.22991164318171,81.273095515318,81.90362548828125,104701,0.0,0.0
2006-10-19 00:00:00+05:30,81.7731588844988,82.62110940694129,79.75111192200079,80.3381576538086,98613,0.0,0.0
2006-10-20 00:00:00+05:30,81.31656434680065,95.12298499107958,81.31656434680065,89.73087310791016,1535116,0.0,0.0
2006-10-23 00:00:00+05:30,102.62412570591943,103.2329135755167,97.6233802912972,99.014892578125,2163439,0.0,0.0
2006-10-26 00:00:00+05:30,99.05837905779721,102.6241281330145,96.81891111897178,101.95011901855469,1138183,0.0,0.0
2006-10-27 00:00:00+05:30,102.62415126535468,104.12437924453853,100.27597742883006,102.34149932861328,485374,0.0,0.0
2006-10-30 00:00:00+05:30,102.42845064238635,113.49532755424306,100.23246692396037,110.6470718383789,1741489,0.0,0.0
2006-10-31 00:00:00+05:30,110.45140631278117,111.62549809076752,104.47225199363409,105.99421691894531,652789,0.0,0.0
2006-11-01 00:00:00+05:30,106.97259321336223,113.49531231173798,106.97259321336223,111.10364532470703,1051381,0.0,0.0
2006-11-02 00:00:00+05:30,110.4513965367027,112.82131697817978,109.36428309465069,110.49488067626953,505770,0.0,0.0
2006-11-03 00:00:00+05:30,106.62469891972746,110.66879229454635,104.84182985384732,105.58106994628906,284998,0.0,0.0
2006-11-06 00:00:00+05:30,106.86390971062175,108.16845391849458,105.27671359418432,107.12482452392578,173679,0.0,0.0
2006-11-07 00:00:00+05:30,108.16844054687645,112.19078800820868,107.47268438554475,109.60344696044922,449749,0.0,0.0
2006-11-08 00:00:00+05:30,110.45137425139761,110.45137425139761,103.4938137956885,107.60311889648438,256768,0.0,0.0
2006-11-09 00:00:00+05:30,108.64678569698798,120.01806297979472,106.55951702704623,117.71336364746094,1758063,0.0,0.0
2006-11-10 00:00:00+05:30,119.10486348432455,122.40970740723262,116.12615554034085,119.300537109375,1249414,0.0,0.0
2006-11-13 00:00:00+05:30,119.06139590045477,119.06139590045477,114.79988053880587,116.47404479980469,379896,0.0,0.0
2006-11-14 00:00:00+05:30,117.19155344160811,125.54062808553782,116.53928136299596,120.51813507080078,989685,0.0,0.0
2006-11-15 00:00:00+05:30,121.23561708349776,121.73568960199287,115.3651694051906,117.6046371459961,416349,0.0,0.0
2006-11-16 00:00:00+05:30,118.36561116086254,121.17038251935087,116.53925767429344,116.88713073730469,215241,0.0,0.0
2006-11-17 00:00:00+05:30,118.19171516503071,119.10490217438688,110.88626885459855,114.45201873779297,237282,0.0,0.0
2006-11-20 00:00:00+05:30,109.25557024418362,116.88715136917112,108.75549765139662,115.01730346679688,222423,0.0,0.0
2006-11-21 00:00:00+05:30,116.27838043682758,119.10489975006006,112.23429505737563,113.25618743896484,257434,0.0,0.0
2006-11-22 00:00:00+05:30,114.88682566679357,116.53925250138974,110.88622590246126,113.21266174316406,260731,0.0,0.0
2006-11-23 00:00:00+05:30,113.97365862064834,118.27864766635165,113.06047188764671,117.36547088623047,426546,0.0,0.0
2006-11-24 00:00:00+05:30,118.23515638120105,122.54015511943093,116.64796068097527,117.88728332519531,448908,0.0,0.0
2006-11-27 00:00:00+05:30,95.66653974441455,118.47430707967001,95.66653974441455,116.38703918457031,105354,0.0,0.0
2006-11-28 00:00:00+05:30,113.14744694360792,116.93062660066408,113.14744694360792,114.64767456054688,98202,0.0,0.0
2006-11-29 00:00:00+05:30,115.10426285405903,118.06123394751435,111.53851383991687,112.45169067382812,289149,0.0,0.0
2006-11-30 00:00:00+05:30,114.14760249913074,115.23472584055901,112.66912192086266,113.03874206542969,120921,0.0,0.0
2006-12-01 00:00:00+05:30,114.73465673720779,117.40897628939695,113.93019512437556,116.40882110595703,191797,0.0,0.0
2006-12-04 00:00:00+05:30,117.45247671052877,121.75747708562201,115.66959676196656,117.90906524658203,362940,0.0,0.0
2006-12-05 00:00:00+05:30,119.23534575495526,120.32245932178235,117.1915611020917,118.32215881347656,298383,0.0,0.0
2006-12-06 00:00:00+05:30,119.49620970982862,119.49620970982862,113.60402554008157,114.9085693359375,181630,0.0,0.0
2006-12-07 00:00:00+05:30,115.88699341247103,116.32183477006842,112.62563346608704,114.08236694335938,105565,0.0,0.0
2006-12-08 00:00:00+05:30,113.49536693032654,115.01733213475264,111.75597101606509,112.7561264038086,137982,0.0,0.0
2006-12-11 00:00:00+05:30,113.06048795154122,116.53927893353944,109.14685556145461,111.21238708496094,146130,0.0,0.0
2006-12-12 00:00:00+05:30,109.58168640249369,113.01698264751815,102.18927436757117,107.01608276367188,169797,0.0,0.0
2006-12-13 00:00:00+05:30,106.84216789488276,110.0165599875073,103.58080751929343,108.84246826171875,85912,0.0,0.0
2006-12-14 00:00:00+05:30,110.38616922145131,114.77812679298994,108.71200505817232,113.1909408569336,120363,0.0,0.0
2006-12-15 00:00:00+05:30,115.45214210199292,116.49578126598807,113.19093718384435,114.08236694335938,53100,0.0,0.0
2006-12-18 00:00:00+05:30,114.32374385678267,117.84600952689807,111.0623830685709,116.43058013916016,160560,0.0,0.0
2006-12-19 00:00:00+05:30,116.05875666703939,116.10442048618663,112.23645215411408,112.99308013916016,102762,0.0,0.0
2006-12-20 00:00:00+05:30,115.23691432272777,115.23691432272777,112.23646854046102,113.28009796142578,251670,0.0,0.0
2006-12-21 00:00:00+05:30,114.79985667276222,120.40939910496945,111.32324618258814,119.18964385986328,498463,0.0,0.0
2006-12-22 00:00:00+05:30,119.80279963478561,126.93213792436013,119.15052762068896,122.3662338256836,904902,0.0,0.0
2006-12-26 00:00:00+05:30,124.27738478920529,128.49758547384056,120.9964573878042,126.52120208740234,693016,0.0,0.0
2006-12-27 00:00:00+05:30,123.97734404058208,132.8025834202399,123.97734404058208,128.69326782226562,888249,0.0,0.0
2006-12-28 00:00:00+05:30,130.3696266813918,132.15033675203057,126.5407924854404,128.2562713623047,436165,0.0,0.0
2006-12-29 00:00:00+05:30,130.27828296986254,135.19641939314926,128.28233225463103,132.91346740722656,626259,0.0,0.0
2007-01-02 00:00:00+05:30,132.91345401820314,136.45528582219436,130.45438605427373,135.60733032226562,370836,0.0,0.0
2007-01-03 00:00:00+05:30,136.54016103200337,138.26215949679062,133.99629310371137,134.75946044921875,328743,0.0,0.0
2007-01-04 00:00:00+05:30,136.95756278277773,136.97713014799692,132.75692919911143,133.5657501220703,187743,0.0,0.0
2007-01-05 00:00:00+05:30,134.80506770020327,136.86624983296412,133.10916628757172,133.7157745361328,190822,0.0,0.0
2007-01-08 00:00:00+05:30,134.3679900105826,135.67253360291835,128.3018603156458,129.3650665283203,232356,0.0,0.0
2007-01-09 00:00:00+05:30,131.34804565983615,132.54170494320192,125.4319421646202,128.04103088378906,232207,0.0,0.0
2007-01-10 00:00:00+05:30,127.43437136848316,128.41277932175186,121.75960723010073,127.323486328125,279628,0.0,0.0
2007-01-11 00:00:00+05:30,127.84533406066392,133.67011924839113,126.71690609275191,131.3675994873047,228030,0.0,0.0
2007-01-12 00:00:00+05:30,133.69616943097293,134.67457726115353,130.3695788272073,131.49801635742188,150072,0.0,0.0
2007-01-15 00:00:00+05:30,132.5873311348939,135.19641911340696,131.84374145913293,133.99623107910156,179235,0.0,0.0
2007-01-16 00:00:00+05:30,135.49645065901703,136.977110786227,133.5005000657357,135.1964111328125,213760,0.0,0.0
2007-01-17 00:00:00+05:30,136.5401002733683,153.87096230529212,136.1095983605181,148.6527862548828,2032723,0.0,0.0
2007-01-18 00:00:00+05:30,150.7400509826856,178.39637756347656,150.59002126875237,178.39637756347656,2046988,0.0,0.0
2007-01-19 00:00:00+05:30,185.87795188860758,193.37907985843717,172.1998073073922,176.0286407470703,3904728,0.0,0.0
2007-01-22 00:00:00+05:30,176.5505156720305,185.59099832482525,170.69963355532093,176.7853240966797,1862617,0.0,0.0
2007-01-23 00:00:00+05:30,176.98098201866296,184.24730284478977,173.0673493769971,175.39596557617188,1412167,0.0,0.0
2007-01-24 00:00:00+05:30,177.54845490052062,180.20318693980644,173.2238881476325,175.2002716064453,385360,0.0,0.0
2007-01-25 00:00:00+05:30,176.24392715644345,178.2855220828168,173.2891353769914,175.83299255371094,488523,0.0,0.0
2007-01-29 00:00:00+05:30,177.26794577717672,184.1559361745629,176.11343155858873,178.5072784423828,697926,0.0,0.0
2007-01-31 00:00:00+05:30,180.28800982465296,180.28800982465296,171.82803963963326,173.26304626464844,356611,0.0,0.0
2007-02-01 00:00:00+05:30,174.37191370541584,179.59009116290895,172.3498858652511,174.87417602539062,472876,0.0,0.0
2007-02-02 00:00:00+05:30,176.4852477679174,180.4641111283147,174.80890387501648,175.41551208496094,310963,0.0,0.0
2007-02-05 00:00:00+05:30,176.5505045130834,177.85504876072477,173.98055075276864,174.678466796875,198780,0.0,0.0
2007-02-06 00:00:00+05:30,175.89820759684605,178.07026470448605,174.20229633279362,175.2655029296875,278827,0.0,0.0
2007-02-07 00:00:00+05:30,176.5504629931761,200.03225392843706,176.5504629931761,191.6374969482422,2355406,0.0,0.0
2007-02-08 00:00:00+05:30,193.94004578863843,199.59525339331856,187.00641040630694,190.22210693359375,1267102,0.0,0.0
2007-02-09 00:00:00+05:30,190.22210832326806,193.5095651532591,182.72097946447101,184.33209228515625,538057,0.0,0.0
2007-02-12 00:00:00+05:30,183.94069301129466,183.94069301129466,171.76276674027469,176.8309326171875,582072,0.0,0.0
2007-02-13 00:00:00+05:30,176.55048039571213,182.6166023562863,172.6368481874029,176.24391174316406,443797,0.0,0.0
2007-02-14 00:00:00+05:30,176.55047808008894,188.72185657122048,171.76278389098113,186.2888946533203,525897,0.0,0.0
2007-02-15 00:00:00+05:30,176.11345520903834,205.25045672382512,176.11345520903834,198.44073486328125,1273002,0.0,0.0
2007-02-19 00:00:00+05:30,198.89723817117172,207.598541724611,195.68154292646162,203.63926696777344,710476,0.0,0.0
2007-02-20 00:00:00+05:30,201.03027292526576,232.5154406124092,198.44075184382118,222.9922637939453,4121265,0.0,0.0
2007-02-21 00:00:00+05:30,225.03387017257802,227.8386321863363,214.42141047573193,217.42837524414062,2936515,0.0,0.0
2007-02-22 00:00:00+05:30,217.33705292265043,223.64451243798774,211.33614215831886,213.83433532714844,1309657,0.0,0.0
2007-02-23 00:00:00+05:30,215.11933663112296,216.0521008885786,199.15823710171705,210.14251708984375,1108669,0.0,0.0
2007-02-26 00:00:00+05:30,207.76818829536143,218.16540501393274,202.2043092279957,213.3125,920544,0.0,0.0
2007-02-27 00:00:00+05:30,213.94521768247068,220.01133936787014,205.6809226189449,209.555419921875,529570,0.0,0.0
2007-02-28 00:00:00+05:30,199.5952723881411,207.5964745530843,167.9165798885962,172.4390106201172,1562197,0.0,0.0
2007-03-01 00:00:00+05:30,180.46413269479768,203.94592855884295,174.37189369521943,199.2234649658203,1870731,0.0,0.0
2007-03-02 00:00:00+05:30,201.76729116896314,209.4641127951038,189.63504776324112,192.7659454345703,1526466,0.0,0.0
2007-03-05 00:00:00+05:30,186.54983245445194,186.54983245445194,174.04576674433503,181.7882537841797,1015243,0.0,0.0
2007-03-06 00:00:00+05:30,188.89797085970557,197.59274766225872,175.33070162662895,179.32913208007812,1009753,0.0,0.0
2007-03-07 00:00:00+05:30,183.50366301541553,186.28887704353502,169.8320482130217,177.39840698242188,915979,0.0,0.0
2007-03-08 00:00:00+05:30,180.20318205980266,184.33207505377288,171.7627806100179,182.65573120117188,635872,0.0,0.0
2007-03-09 00:00:00+05:30,183.94076000319282,184.80827326878352,173.06737369411164,174.56761169433594,590100,0.0,0.0
2007-03-12 00:00:00+05:30,175.852521948266,186.11274699649752,171.76276407633242,173.41954040527344,592068,0.0,0.0
2007-03-13 00:00:00+05:30,175.67642671981676,196.54913282499365,174.98501992254387,194.0966033935547,2293942,0.0,0.0
2007-03-14 00:00:00+05:30,180.54891410459095,190.02642717263785,178.76822396406894,186.53025817871094,1499446,0.0,0.0
2007-03-15 00:00:00+05:30,191.33095519844233,200.42362933568327,185.4605066401196,187.22164916992188,990847,0.0,0.0
2007-03-16 00:00:00+05:30,186.98683226662286,193.50955258992448,180.07274474277062,189.43936157226562,801544,0.0,0.0
2007-03-19 00:00:00+05:30,191.00484146489578,208.29005312668235,187.20210365783973,204.66342163085938,1787773,0.0,0.0
2007-03-20 00:00:00+05:30,207.29203526056895,209.46411218480054,196.54911454023298,197.83409118652344,1349425,0.0,0.0
2007-03-21 00:00:00+05:30,196.9861463643737,199.33432957371065,191.33093929796053,192.4202423095703,599149,0.0,0.0
2007-03-22 00:00:00+05:30,195.72727030084127,199.59523861158476,189.89595683521827,190.92002868652344,606940,0.0,0.0
2007-03-23 00:00:00+05:30,182.8971244851735,203.94596153159972,182.8971244851735,200.48890686035156,1377258,0.0,0.0
2007-03-26 00:00:00+05:30,201.2455058806674,202.94141728527967,195.72728960717882,196.52957153320312,559248,0.0,0.0
2007-03-28 00:00:00+05:30,192.2050394484764,195.27070655019526,187.24776722405605,188.24574279785156,328030,0.0,0.0
2007-03-29 00:00:00+05:30,186.9868377331391,194.2661763096823,185.68229363034075,188.2913818359375,852844,0.0,0.0
2007-03-30 00:00:00+05:30,190.37866695370937,194.29229980680077,190.13732944602464,190.9852752685547,501289,0.0,0.0
2007-04-02 00:00:00+05:30,189.1588704891038,191.767958357919,182.85139180770827,184.3972930908203,367447,0.0,0.0
2007-04-03 00:00:00+05:30,184.80824389063943,188.42183687002216,179.26393108395465,185.5061798095703,589405,0.0,0.0
2007-04-04 00:00:00+05:30,188.68270010449098,190.0068113688242,183.24275442170395,184.57339477539062,361392,0.0,0.0
2007-04-05 00:00:00+05:30,185.29092215800569,188.65664825452984,182.6361701924678,183.6145782470703,332842,0.0,0.0
2007-04-09 00:00:00+05:30,184.50818648801945,190.20252849287075,184.50818648801945,187.83477783203125,383287,0.0,0.0
2007-04-10 00:00:00+05:30,190.8091618439654,191.98324369382334,184.46254697102526,188.2653045654297,520071,0.0,0.0
2007-04-11 00:00:00+05:30,189.59594832389777,190.77003019273215,184.80825338428383,185.4605255126953,325722,0.0,0.0
2007-04-12 00:00:00+05:30,184.80824852834292,187.85436804652284,181.9186878527887,184.85391235351562,388311,0.0,0.0
2007-04-13 00:00:00+05:30,186.9868669856081,200.0323100544378,186.9868669856081,196.07301330566406,1262607,0.0,0.0
2007-04-16 00:00:00+05:30,200.03226776043195,207.72906958135457,197.85366171149852,201.7477264404297,1101732,0.0,0.0
2007-04-17 00:00:00+05:30,204.24597617256995,204.24597617256995,192.20503817210343,194.63800048828125,638812,0.0,0.0
2007-04-18 00:00:00+05:30,195.68159281396473,204.3763694961304,193.54867061836646,198.7929229736328,890811,0.0,0.0
2007-04-19 00:00:00+05:30,197.5927503535111,204.35680774597466,193.07251021273754,200.07139587402344,665728,0.0,0.0
2007-04-20 00:00:00+05:30,201.9434409846948,206.07231451373093,200.8998016701903,202.2695770263672,549532,0.0,0.0
2007-04-23 00:00:00+05:30,202.20430916499035,205.31563927219716,199.59522130479692,200.55406188964844,275917,0.0,0.0
2007-04-24 00:00:00+05:30,199.9866239175101,204.37640228079454,198.35594371581115,201.22593688964844,414657,0.0,0.0
2007-04-25 00:00:00+05:30,201.7673172491751,203.07186143181315,197.42320263806323,198.61685180664062,314599,0.0,0.0
2007-04-26 00:00:00+05:30,200.46273234421926,201.3367942861012,191.76795589174387,192.92247009277344,229798,0.0,0.0
2007-04-27 00:00:00+05:30,193.72475853860954,195.11410090092912,188.29134225126268,189.53065490722656,251107,0.0,0.0
2007-04-30 00:00:00+05:30,188.06958147183354,198.98862854729464,184.8734525770147,195.7664031982422,508363,0.0,0.0
2007-05-03 00:00:00+05:30,198.29071702267422,200.46277434205064,192.33546960611696,193.5487060546875,300373,0.0,0.0
2007-05-04 00:00:00+05:30,194.37701990691662,197.8536202628256,191.94403863261286,194.4226837158203,261201,0.0,0.0
2007-05-07 00:00:00+05:30,196.5491266120685,198.46680801732475,193.50955639865512,194.33140563964844,248866,0.0,0.0
2007-05-08 00:00:00+05:30,195.5967910042462,201.68249958631037,193.0725016840421,195.8316192626953,687771,0.0,0.0
2007-05-09 00:00:00+05:30,198.72772952437833,198.72772952437833,193.50955324799162,195.33590698242188,258463,0.0,0.0
2007-05-10 00:00:00+05:30,196.54916720440838,212.62116327139577,196.31435877442019,202.48484802246094,2001931,0.0,0.0
2007-05-11 00:00:00+05:30,197.09708517946754,213.50823502762,197.09708517946754,211.77320861816406,2098321,0.0,0.0
2007-05-14 00:00:00+05:30,215.230189119351,223.07702035490266,213.0320357001909,220.9506072998047,1578900,0.0,0.0
2007-05-15 00:00:00+05:30,221.8181790635502,230.03681155061577,220.1418349798019,225.3208770751953,1695813,0.0,0.0
2007-05-16 00:00:00+05:30,228.21041360785938,237.4270206435889,225.29475681636282,234.06129455566406,1597930,0.0,0.0
2007-05-17 00:00:00+05:30,236.7356588157415,245.69136271867654,231.36094259915424,233.7091064453125,1419013,0.0,0.0
2007-05-18 00:00:00+05:30,231.34132331918659,233.5133803612179,220.03743820084276,224.21197509765625,870766,0.0,0.0
2007-05-21 00:00:00+05:30,226.12315622054084,230.03678844938102,218.51113277691098,223.72930908203125,406545,0.0,0.0
2007-05-22 00:00:00+05:30,225.29475517706192,226.0383548460155,218.29588903496762,219.94613647460938,346390,0.0,0.0
2007-05-23 00:00:00+05:30,224.81851007784994,235.6462050706481,222.64643402972743,227.42759704589844,1721085,0.0,0.0
2007-05-24 00:00:00+05:30,254.3861407736951,258.73680481161836,235.9724906485386,239.16864013671875,3488005,0.0,0.0
2007-05-25 00:00:00+05:30,237.14650906985335,268.2403006555876,230.90426195652765,263.0221252441406,3854430,0.0,0.0
2007-05-28 00:00:00+05:30,265.25948317401054,276.93514888090226,251.6269814125214,255.75587463378906,2821945,0.0,0.0
2007-05-29 00:00:00+05:30,258.299712366345,268.1946873789141,256.12765536179955,263.71356201171875,1562929,0.0,0.0
2007-05-30 00:00:00+05:30,261.6524341999678,269.1274667338324,258.75634454492325,262.0829162597656,1264675,0.0,0.0
2007-05-31 00:00:00+05:30,264.86817297213275,269.08837483768656,258.73681836725274,262.0438232421875,654541,0.0,0.0
2007-06-01 00:00:00+05:30,264.3919939256867,265.69653824065375,253.95563940595002,256.6951904296875,452227,0.0,0.0
2007-06-04 00:00:00+05:30,258.29973468583887,259.63037525631904,247.77858321686978,253.08155822753906,726576,0.0,0.0
2007-06-05 00:00:00+05:30,252.21405528882582,254.28174664632024,244.38679028672203,246.1022491455078,946116,0.0,0.0
2007-06-06 00:00:00+05:30,249.91154022396722,255.69066143531472,243.51926174462557,244.25633239746094,711880,0.0,0.0
2007-06-07 00:00:00+05:30,242.73654753410236,247.17198982777404,235.4310920913629,237.6031494140625,534814,0.0,0.0
2007-06-08 00:00:00+05:30,195.68162442357834,242.8191508528451,195.68162442357834,235.42672729492188,551340,0.0,0.0
2007-06-11 00:00:00+05:30,238.30104149817203,243.08220623298976,237.62267306902072,239.27944946289062,345906,0.0,0.0
2007-06-12 00:00:00+05:30,239.60557229138175,240.84488499747357,228.2951792291216,237.29652404785156,395905,0.0,0.0
2007-06-13 00:00:00+05:30,236.55946373546612,241.34060810506767,230.47375563251055,231.79786682128906,530026,0.0,0.0
2007-06-14 00:00:00+05:30,233.95041228098444,235.69196741308104,230.5129260236807,232.12403869628906,424777,0.0,0.0
2007-06-15 00:00:00+05:30,232.64593017187954,236.99657452084227,231.01524970104276,232.6915740966797,316152,0.0,0.0
2007-06-18 00:00:00+05:30,233.95037462246037,234.64829043749785,227.88423391848832,230.0367431640625,269412,0.0,0.0
2007-06-19 00:00:00+05:30,228.7779066624029,230.473818078932,220.95064157605128,227.64295959472656,378967,0.0,0.0
2007-06-20 00:00:00+05:30,229.59974982775233,232.27406907678483,226.12314873804362,227.05589294433594,289012,0.0,0.0
2007-06-21 00:00:00+05:30,227.86470818475658,229.59975417030324,221.77248982358836,226.27316284179688,379465,0.0,0.0
2007-06-22 00:00:00+05:30,227.81904940494252,241.6667920507398,226.1231580169162,239.5795135498047,828049,0.0,0.0
2007-06-25 00:00:00+05:30,240.51880541061422,242.12340909292996,232.69154028785698,235.30062866210938,420022,0.0,0.0
2007-06-26 00:00:00+05:30,237.86409629550397,238.14456854568164,230.03683041006343,231.06088256835938,337209,0.0,0.0
2007-06-27 00:00:00+05:30,231.94796821578808,236.34427590370876,223.95110571119454,225.36001586914062,613695,0.0,0.0
2007-06-28 00:00:00+05:30,228.29519622292722,229.16923829977506,226.14270662084417,227.10154724121094,193474,0.0,0.0
2007-06-29 00:00:00+05:30,229.1235831283182,230.9042928921199,223.51405973407978,224.472900390625,414570,0.0,0.0
2007-07-02 00:00:00+05:30,225.47089916164384,227.29725302746527,220.46796353820224,221.92904663085938,408855,0.0,0.0
2007-07-03 00:00:00+05:30,223.9510298319326,231.97398607641196,222.20947502113015,229.71060180664062,754279,0.0,0.0
2007-07-04 00:00:00+05:30,230.9043243591529,232.5611010736491,220.90500178315324,226.1427459716797,293788,0.0,0.0
2007-07-05 00:00:00+05:30,226.12313066195355,226.53404527869546,220.2722503449291,223.9901885986328,289501,0.0,0.0
2007-07-06 00:00:00+05:30,224.60338284070744,229.59978974487007,222.92703868933413,223.88587951660156,301675,0.0,0.0
2007-07-09 00:00:00+05:30,228.29517870840888,230.0171861825742,224.05541110382416,225.42518615722656,421642,0.0,0.0
2007-07-10 00:00:00+05:30,230.0367873678757,232.20884448613452,225.6861241354004,229.14315795898438,542686,0.0,0.0
2007-07-11 00:00:00+05:30,226.56022446306895,227.42775763975956,223.51412442414787,224.44686889648438,283896,0.0,0.0
2007-07-12 00:00:00+05:30,226.62543388651653,227.62340946436458,220.25274224556685,221.75296020507812,295350,0.0,0.0
2007-07-13 00:00:00+05:30,224.38160014609355,225.16433462053692,220.03746561503849,220.8397674560547,248001,0.0,0.0
2007-07-16 00:00:00+05:30,223.51408718009287,223.51408718009287,214.38227786529498,215.0736846923828,304587,0.0,0.0
2007-07-17 00:00:00+05:30,217.14463601806133,222.52484642376032,215.14193311570753,219.32579040527344,446580,4.333333,0.0
2007-07-18 00:00:00+05:30,228.69159307039598,228.69159307039598,204.45424107992955,209.92037963867188,343930,0.0,0.0
2007-07-19 00:00:00+05:30,212.8088097527079,215.91532278128008,205.33998674645082,212.94100952148438,450957,0.0,0.0
2007-07-20 00:00:00+05:30,212.828626915564,218.0501947839805,209.30572715266436,215.7566680908203,267157,0.0,0.0
2007-07-23 00:00:00+05:30,215.47242183178926,236.14058214905714,213.70765416431283,224.06488037109375,815422,0.0,0.0
2007-07-24 00:00:00+05:30,224.72585198117557,229.99369114180357,221.64578347175518,222.39266967773438,419715,0.0,0.0
2007-07-25 00:00:00+05:30,222.96771496296583,242.353637063341,218.578961464655,237.81283569335938,1606428,0.0,0.0
2007-07-26 00:00:00+05:30,240.1526050171737,253.3717720473755,237.9450065436318,239.511474609375,1060539,0.0,0.0
2007-07-27 00:00:00+05:30,229.13445061956833,233.54303172137494,213.70766426993606,216.5960693359375,739411,0.0,0.0
2007-07-30 00:00:00+05:30,215.915262412552,219.74881258499684,202.69609606502215,204.1501922607422,965539,0.0,0.0
2007-07-31 00:00:00+05:30,208.15564971813845,210.58137622018938,204.94340118036075,209.193359375,570733,0.0,0.0
2007-08-01 00:00:00+05:30,207.09807791074502,208.8430176955668,198.2875116834505,201.1957244873047,366904,0.0,0.0
2007-08-02 00:00:00+05:30,202.60355469659217,209.19331000826787,200.93133094001084,207.9573211669922,297280,0.0,0.0
2007-08-03 00:00:00+05:30,210.18480126578683,216.02105589745733,209.27929135559452,210.99778747558594,296247,0.0,0.0
2007-08-06 00:00:00+05:30,205.42587310067947,206.61561038370542,199.16659592746637,200.11837768554688,288697,0.0,0.0
2007-08-07 00:00:00+05:30,204.4542332272892,206.21900085982023,195.20081652204084,197.01185607910156,408949,0.0,0.0
2007-08-08 00:00:00+05:30,200.0522754716028,208.4199905494546,200.0522754716028,202.98031616210938,611001,0.0,0.0
2007-08-09 00:00:00+05:30,205.95466641680412,209.3057307516467,198.33381594869672,199.87384033203125,291031,0.0,0.0
2007-08-10 00:00:00+05:30,196.08650769602744,197.4084242957568,185.35253119004935,193.66078186035156,372292,0.0,0.0
2007-08-13 00:00:00+05:30,196.08648727798644,197.1836601911707,191.67788700177408,192.53712463378906,190861,0.0,0.0
2007-08-14 00:00:00+05:30,194.23583851146486,194.71834539684963,191.26152576152577,191.85638427734375,152245,0.0,0.0
2007-08-16 00:00:00+05:30,187.75850002030603,191.23512827491803,185.4649730464279,187.05126953125,267487,0.0,0.0
2007-08-17 00:00:00+05:30,187.26930586767762,188.5912224648812,178.50501254439328,180.59364318847656,327028,0.0,0.0
2007-08-20 00:00:00+05:30,187.26933666657453,188.59125348118468,183.74643723081238,184.65194702148438,286098,0.0,0.0
2007-08-21 00:00:00+05:30,187.71221853185818,187.71221853185818,167.2225045371835,169.78041076660156,230626,0.0,0.0
2007-08-22 00:00:00+05:30,172.6423466483032,177.070755941221,169.6482058250942,175.50428771972656,266334,0.0,0.0
2007-08-23 00:00:00+05:30,178.901592169782,181.98164010145894,171.84915822440044,173.36935424804688,233779,0.0,0.0
2007-08-24 00:00:00+05:30,176.03304836647808,180.65975733914945,174.09644502320688,179.66831970214844,126883,0.0,0.0
2007-08-27 00:00:00+05:30,184.93619545787988,207.09813498068905,184.93619545787988,197.54067993164062,518553,0.0,0.0
2007-08-28 00:00:00+05:30,199.1665904602745,202.25327513572248,190.88478232119152,192.40499877929688,405655,0.0,0.0
2007-08-29 00:00:00+05:30,189.91318255236052,191.89605790224604,182.86738322611632,189.6752471923828,374545,0.0,0.0
2007-08-30 00:00:00+05:30,198.2214189631907,198.2214189631907,185.06835091450804,186.02674865722656,165869,0.0,1.5
2007-08-31 00:00:00+05:30,189.36457280712634,207.9044469979139,189.03409362247166,204.5996551513672,713065,0.0,0.0
2007-09-03 00:00:00+05:30,209.78819142556284,233.97927281898362,206.21902011164656,229.616943359375,1986323,0.0,0.0
2007-09-04 00:00:00+05:30,235.23509668993916,242.57173915635872,228.0967538512256,231.73202514648438,1327287,0.0,0.0
2007-09-05 00:00:00+05:30,234.60720251514732,236.22653856419265,220.7601153549333,226.47740173339844,666008,0.0,0.0
2007-09-06 00:00:00+05:30,224.72586199225577,241.2498224328628,221.42106990413436,239.82876586914062,2522455,0.0,0.0
2007-09-07 00:00:00+05:30,241.91077418805972,247.66112033136162,233.97927339500856,243.4970703125,1868934,0.0,0.0
2007-09-10 00:00:00+05:30,241.05145600765195,243.92660795031964,235.66463071083118,238.40762329101562,1084334,0.0,0.0
2007-09-11 00:00:00+05:30,243.23269429869924,243.23269429869924,231.53372240131858,233.2852783203125,416958,0.0,0.0
2007-09-12 00:00:00+05:30,235.63164512542505,236.62308262244647,222.41247849847272,226.01470947265625,740899,0.0,0.0
2007-09-13 00:00:00+05:30,227.76626129687094,231.33543250709633,220.42961926033323,227.79930114746094,1099570,0.0,0.0
2007-09-14 00:00:00+05:30,230.9388557357955,235.30118511192802,224.13099243713273,225.61814880371094,646364,0.0,0.0
2007-09-17 00:00:00+05:30,227.36971197184724,228.03067043688168,218.54591242946717,223.40396118164062,644002,0.0,0.0
2007-09-18 00:00:00+05:30,225.18854203219772,239.10170872153066,224.72586306930316,234.11148071289062,1978434,0.0,0.0
2007-09-19 00:00:00+05:30,240.5888473591672,244.48849771900592,230.64143193092573,235.43338012695312,1635976,0.0,0.0
2007-09-20 00:00:00+05:30,236.6231062000083,239.13474004105407,223.33783838198318,224.990234375,1567491,0.0,0.0
2007-09-21 00:00:00+05:30,219.76867913867892,224.72586738992732,215.4724493209303,221.05755615234375,1430118,0.0,0.0
2007-09-24 00:00:00+05:30,223.99875366676977,223.99875366676977,210.84568812805992,212.86160278320312,757531,0.0,0.0
2007-09-25 00:00:00+05:30,212.82858537679783,218.1162520942338,210.91181022589683,216.1333770751953,515222,0.0,0.0
2007-09-26 00:00:00+05:30,217.6866669713635,229.9474380057556,213.48957682924987,222.67689514160156,904846,0.0,0.0
2007-09-27 00:00:00+05:30,225.18850068543236,227.70013415494216,218.8432969766986,220.826171875,1026816,0.0,0.0
2007-09-28 00:00:00+05:30,253.4115271575855,253.4115271575855,224.72592750442692,234.17762756347656,1682179,0.0,0.0
2007-10-01 00:00:00+05:30,237.74680776376024,243.89371444984525,228.69166720771398,241.0846405029297,1293498,0.0,0.0
2007-10-03 00:00:00+05:30,240.58884195306115,251.1641756652836,214.94366576926097,240.0270233154297,1482397,0.0,0.0
2007-10-04 00:00:00+05:30,237.28406170475014,251.1641878768943,234.64022814815124,249.9083709716797,1327224,0.0,0.0
2007-10-05 00:00:00+05:30,251.8251378098044,255.39430895719096,236.9866144033282,240.22532653808594,1008324,0.0,0.0
2007-10-08 00:00:00+05:30,243.00132069071515,247.06621029739446,218.24844387455906,228.2949981689453,808293,0.0,0.0
2007-10-09 00:00:00+05:30,224.72582273334746,235.8299141412448,222.08198952471986,233.1860809326172,770387,0.0,0.0
2007-10-10 00:00:00+05:30,235.6977510852521,251.0319726663807,227.43577172984396,248.75167846679688,1292114,0.0,0.0
2007-10-11 00:00:00+05:30,251.1641168583996,251.79203521888303,236.22645745317868,243.69529724121094,883761,0.0,0.0
2007-10-12 00:00:00+05:30,243.89367263267778,245.7443482591109,230.77364311948674,239.59744262695312,1189156,0.0,0.0
2007-10-15 00:00:00+05:30,244.5546222658264,249.67705016463762,241.18373019501917,247.4958953857422,1131681,0.0,0.0
2007-10-16 00:00:00+05:30,246.63661056054352,248.85082512370235,238.6059704373348,242.24124145507812,596104,0.0,0.0
2007-10-17 00:00:00+05:30,228.03059484706176,240.91928064276527,220.76005414179315,235.20199584960938,661577,0.0,0.0
2007-10-18 00:00:00+05:30,241.21667653987117,270.33187396864685,241.21667653987117,250.337890625,3121144,0.0,0.0
2007-10-19 00:00:00+05:30,257.7738245829535,262.40053425495523,241.3159613552895,247.89248657226562,1890851,0.0,0.0
2007-10-22 00:00:00+05:30,247.8593602890659,247.8593602890659,227.76623218246823,229.88128662109375,1022429,0.0,0.0
2007-10-23 00:00:00+05:30,231.99641077478339,239.597432780225,227.63408106792502,234.40890502929688,1816110,0.0,0.0
2007-10-24 00:00:00+05:30,238.93653168432428,241.24988676287236,216.23259995068832,218.87643432617188,2481034,0.0,0.0
2007-10-25 00:00:00+05:30,224.03183904245455,232.26075833285842,219.43817047767018,227.99758911132812,2953736,0.0,0.0
2007-10-26 00:00:00+05:30,228.0306420462472,237.28405940464566,228.0306420462472,231.33543395996094,1425810,0.0,0.0
2007-10-29 00:00:00+05:30,232.65738171703055,243.89367572040987,232.0625231274926,241.51422119140625,1464488,0.0,0.0
2007-10-30 00:00:00+05:30,243.23268049854346,245.87651398222326,231.33542982198426,233.97926330566406,530649,0.0,0.0
2007-10-31 00:00:00+05:30,233.97928269609375,234.04538257283332,218.77723890510458,220.62791442871094,1633928,0.0,0.0
2007-11-01 00:00:00+05:30,221.42106053002357,224.72585247823287,192.9998497754235,196.3046417236328,1787276,0.0,0.0
2007-11-02 00:00:00+05:30,196.30465262276786,204.76491241157055,188.37315150669642,198.948486328125,830705,0.0,0.0
2007-11-05 00:00:00+05:30,200.79911496731387,200.83217498342162,189.03406579393192,190.9178009033203,600207,0.0,0.0
2007-11-06 00:00:00+05:30,194.85047884450836,196.96555325654055,184.14296758206217,185.72926330566406,438081,0.0,0.0
2007-11-07 00:00:00+05:30,189.03410428172842,191.67793790804632,177.23599269011493,178.6901092529297,317968,0.0,0.0
2007-11-08 00:00:00+05:30,178.45873434616348,178.45873434616348,168.27998093984775,172.70838928222656,324996,0.0,0.0
2007-11-12 00:00:00+05:30,165.23961195708424,175.1539886745093,152.18568261247458,170.92385864257812,751268,0.0,0.0
2007-11-13 00:00:00+05:30,167.22245878047335,181.76354215268842,167.22245878047335,172.1466064453125,519461,0.0,0.0
2007-11-14 00:00:00+05:30,160.15023679820817,181.36699730276806,160.15023679820817,172.84063720703125,407294,0.0,0.0
2007-11-15 00:00:00+05:30,142.50263751982556,174.49302059468027,142.50263751982556,165.76837158203125,263818,0.0,0.0
2007-11-16 00:00:00+05:30,165.76837408063395,165.76837408063395,156.05228730452055,157.24200439453125,510751,0.0,0.0
2007-11-19 00:00:00+05:30,161.9348253300622,169.8663269788816,158.96051221175495,162.2653045654297,448215,0.0,0.0
2007-11-20 00:00:00+05:30,161.93482780456543,166.89201641082764,157.3081184387207,158.63003540039062,512272,0.0,0.0
2007-11-21 00:00:00+05:30,160.54675402951028,160.54675402951028,144.0888977269744,146.36920166015625,616635,0.0,0.0
2007-11-22 00:00:00+05:30,148.7156413425909,148.7156413425909,137.61153810525914,141.44509887695312,469986,0.0,0.0
2007-11-23 00:00:00+05:30,144.08890525031566,148.71561321706892,142.76698868838616,145.93959045410156,398129,0.0,0.0
2007-11-26 00:00:00+05:30,156.64711378367673,156.64711378367673,148.78171421436178,154.00328063964844,414790,0.0,0.0
2007-11-27 00:00:00+05:30,152.02038801230594,153.93716278350973,148.71559696856016,149.31045532226562,194320,0.0,0.0
2007-11-28 00:00:00+05:30,153.342334948088,154.33377245852822,148.71562656603362,150.69850158691406,443371,0.0,0.0
2007-11-29 00:00:00+05:30,155.25910043120953,155.98615859442063,137.80980536837583,141.0154571533203,1819672,0.0,0.0
2007-11-30 00:00:00+05:30,139.46221051609558,148.38514815575098,139.46221051609558,147.29457092285156,994324,0.0,0.0
2007-12-03 00:00:00+05:30,149.77316920084218,154.0032986930039,148.0546734216003,150.13668823242188,524736,0.0,0.0
2007-12-04 00:00:00+05:30,151.1941982576381,152.02039606232466,144.6507156786896,147.75721740722656,470224,0.0,0.0
2007-12-05 00:00:00+05:30,150.03754188492167,151.32640861971177,148.05466688203722,149.47572326660156,262146,0.0,0.0
2007-12-06 00:00:00+05:30,151.9543475645504,155.25913990032075,149.4427134577056,150.89682006835938,555331,0.0,0.0
2007-12-07 00:00:00+05:30,153.21016410916786,163.91768851957093,151.16118896850318,161.86871337890625,1158147,0.0,0.0
2007-12-10 00:00:00+05:30,163.85157533582577,168.21390459727252,159.35706650333438,165.43788146972656,1056777,0.0,0.0
2007-12-11 00:00:00+05:30,167.88338415815656,168.57739229085536,159.2909274886446,160.051025390625,449309,0.0,0.0
2007-12-12 00:00:00+05:30,158.62999668744638,162.4966068908723,156.01921334238355,158.16732788085938,317360,0.0,0.0
2007-12-13 00:00:00+05:30,168.4122236730525,168.4122236730525,157.01068982860417,157.50640869140625,310146,0.0,0.0
2007-12-14 00:00:00+05:30,159.15878499994926,161.27384986635752,153.67282825380377,155.5235137939453,446961,0.0,0.0
2007-12-17 00:00:00+05:30,155.85397358036556,158.629996502067,148.9139112334001,150.9959259033203,297924,0.0,0.0
2007-12-18 00:00:00+05:30,151.35946512730257,153.93719870883803,147.39371494929463,148.98001098632812,324211,0.0,0.0
2007-12-19 00:00:00+05:30,151.35947802994286,155.32522854601123,147.3937275138745,149.40965270996094,331728,0.0,0.0
2007-12-20 00:00:00+05:30,150.69851572993923,155.32522454620928,149.37659892529064,152.94577026367188,370724,0.0,0.0
2007-12-24 00:00:00+05:30,155.32520409382644,160.0180121665753,154.6972957113829,159.25790405273438,528655,0.0,0.0
2007-12-26 00:00:00+05:30,161.9347898730673,161.9347898730673,157.04370229474412,157.9690399169922,272801,0.0,0.0
2007-12-27 00:00:00+05:30,158.10122824822605,161.5712594308886,153.34233035765928,155.88702392578125,792516,0.0,0.0
2007-12-28 00:00:00+05:30,155.88706736561736,159.22489974596738,155.2591487178195,157.208984375,269489,0.0,0.0
2007-12-31 00:00:00+05:30,159.0596247451698,159.75363303783456,154.2346368023345,156.38275146484375,448380,0.0,0.0
2008-01-01 00:00:00+05:30,157.96902987929184,158.26645909001346,156.01920495853582,157.40721130371094,208790,0.0,0.0
2008-01-02 00:00:00+05:30,158.62997774108666,161.73647945476515,157.9690195004988,159.39007568359375,413556,0.0,0.0
2008-01-03 00:00:00+05:30,156.44885416523076,166.16494080839098,156.44885416523076,158.5639190673828,1124695,0.0,0.0
2008-01-04 00:00:00+05:30,158.62999668744638,161.20773009944796,157.3411299814456,158.16732788085938,273913,0.0,0.0
2008-01-07 00:00:00+05:30,157.30805955879583,157.30805955879583,150.7645770819056,152.74745178222656,227323,0.0,0.0
2008-01-08 00:00:00+05:30,154.5981246604225,157.30805741476163,151.3924833231817,153.7719268798828,350212,0.0,0.0
2008-01-09 00:00:00+05:30,154.66427054990194,157.17591456736997,152.02043686528822,152.61529541015625,386638,0.0,0.0
2008-01-10 00:00:00+05:30,154.26767777466515,155.58959449967656,146.07179811376392,147.82333374023438,357933,0.0,0.0
2008-01-11 00:00:00+05:30,148.71563692705345,150.69851208608085,142.46958219320214,144.08892822265625,281655,0.0,0.0
2008-01-14 00:00:00+05:30,145.1464023739214,145.27859197645463,140.28835631881896,142.8660888671875,160143,0.0,0.0
2008-01-15 00:00:00+05:30,145.4108220880682,145.4108220880682,138.80123926588325,139.95791625976562,183587,0.0,0.0
2008-01-16 00:00:00+05:30,140.12314429858301,140.12314429858301,131.2332581514413,133.91014099121094,213601,0.0,0.0
2008-01-17 00:00:00+05:30,134.17454855307076,136.81838202209678,132.22472338674893,132.91873168945312,226122,0.0,0.0
2008-01-18 00:00:00+05:30,141.37901025783535,141.37901025783535,121.05453765624969,123.96276092529297,284908,0.0,0.0
2008-01-21 00:00:00+05:30,122.27731829742291,122.93827677470628,87.90747747868782,97.59051513671875,650093,0.0,0.0
2008-01-22 00:00:00+05:30,97.16088768199177,98.81328373100523,60.60988506072889,77.59651947021484,796531,0.0,0.0
2008-01-23 00:00:00+05:30,87.90745675704935,95.64066710129904,79.31499857778888,89.98947143554688,545646,0.0,0.0
2008-01-24 00:00:00+05:30,95.17799253749095,98.38364423698538,79.31499378124246,81.8266372680664,626410,0.0,0.0
2008-01-25 00:00:00+05:30,85.89155047114551,98.15233200848213,83.9417250173551,95.73983764648438,438178,0.0,0.0
2008-01-28 00:00:00+05:30,93.85608740634605,102.25025658687103,89.2293788722304,100.79615020751953,486568,0.0,0.0
2008-01-29 00:00:00+05:30,101.78760111547984,107.6701272756458,95.90507495531389,99.37510681152344,516257,0.0,0.0
2008-01-30 00:00:00+05:30,99.37509725222205,100.4656745536677,87.97356510715122,89.32852172851562,617438,0.0,0.0
2008-01-31 00:00:00+05:30,89.89035058990233,94.51705981144141,84.10696406297846,87.14737701416016,1249108,0.0,0.0
2008-02-01 00:00:00+05:30,89.09718170786526,93.52560034306717,85.92457982048573,92.73245239257812,474993,0.0,0.0
2008-02-04 00:00:00+05:30,95.44238558113412,98.4166982769019,93.19513113405714,95.31019592285156,451022,0.0,0.0
2008-02-05 00:00:00+05:30,95.83894896536202,97.1608655028153,94.02131372636379,96.43380737304688,227153,0.0,0.0
2008-02-06 00:00:00+05:30,93.19514131237415,93.69086014914208,90.22082829176645,92.13760375976562,262919,0.0,0.0
2008-02-07 00:00:00+05:30,91.87320992000052,95.31019129560639,88.6014681305817,89.16327667236328,227312,0.0,0.0
2008-02-08 00:00:00+05:30,91.14617374335491,91.5427528802558,85.92460559157585,87.04823303222656,276927,0.0,0.0
2008-02-11 00:00:00+05:30,87.24650564209543,89.22938077032488,80.07510827020806,82.0579833984375,459895,0.0,0.0
2008-02-12 00:00:00+05:30,84.40436840827427,85.26361616970468,76.67115872624606,77.86088562011719,470667,0.0,0.0
2008-02-13 00:00:00+05:30,81.2978928103963,81.2978928103963,74.35782878999663,75.81193542480469,646182,0.0,0.0
2008-02-14 00:00:00+05:30,76.34068645584752,83.61122802307109,76.34068645584752,80.835205078125,575878,0.0,0.0
2008-02-15 00:00:00+05:30,78.65404708710368,85.23058093990686,77.33213032933723,84.23914337158203,341162,0.0,0.0
2008-02-18 00:00:00+05:30,84.60268321205821,85.8585002568169,78.91844144229063,79.48025512695312,533424,0.0,0.0
2008-02-19 00:00:00+05:30,78.55489957808851,90.22081556647136,78.55489957808851,84.50352478027344,1708478,0.0,0.0
2008-02-20 00:00:00+05:30,84.50353654631031,87.84137368221576,81.95884753071378,85.46192932128906,582747,0.0,0.0
2008-02-21 00:00:00+05:30,86.65164466874754,90.08862610932712,85.26362808436726,88.10575103759766,1168146,0.0,0.0
2008-02-22 00:00:00+05:30,85.92459280445946,91.74102879600017,85.26363439827131,87.61003875732422,892215,0.0,0.0
2008-02-25 00:00:00+05:30,87.90746097213902,89.22937767848697,84.30523996442565,87.64308166503906,426548,0.0,0.0
2008-02-26 00:00:00+05:30,87.90746163242261,89.8572867718464,87.57698245335335,89.2624282836914,381316,0.0,0.0
2008-02-27 00:00:00+05:30,90.18776595091566,90.68348471951954,88.63451986054464,89.2624282836914,378594,0.0,0.0
2008-02-28 00:00:00+05:30,89.22936779928446,89.49374707711316,85.52799739714496,86.38724517822266,799917,0.0,0.0
2008-02-29 00:00:00+05:30,86.22202046780467,89.62596224766955,85.92459120763242,86.65164947509766,438543,0.0,0.0
2008-03-03 00:00:00+05:30,85.26363186842836,88.89890299460167,81.82665027531307,82.4215087890625,239652,0.0,0.0
2008-03-04 00:00:00+05:30,82.9172435458415,83.11553311708288,76.80337729269624,77.79481506347656,441454,0.0,0.0
2008-03-05 00:00:00+05:30,78.58794403076172,79.94290554000054,77.66260138865245,78.58794403076172,248938,0.0,0.0
2008-03-07 00:00:00+05:30,77.33212954643965,77.33212954643965,72.04446256890532,73.82904815673828,331863,0.0,0.0
2008-03-10 00:00:00+05:30,72.63934624119163,76.01023386491924,68.73968975610089,74.12650299072266,367375,0.0,0.0
2008-03-11 00:00:00+05:30,72.87064251459448,76.01019400615297,71.48263128476343,74.65522766113281,198392,0.0,0.0
2008-03-12 00:00:00+05:30,76.83640469681903,82.22321601313838,71.08606933014181,72.63932037353516,322654,0.0,0.0
2008-03-13 00:00:00+05:30,73.66380801365275,73.66380801365275,65.76535754202237,66.45936584472656,400976,0.0,0.0
2008-03-14 00:00:00+05:30,66.75678419650288,68.67356415722196,62.39446069319445,67.84736633300781,216288,0.0,0.0
2008-03-17 00:00:00+05:30,67.41775980667083,67.41775980667083,62.79105080033067,63.05543518066406,277891,0.0,0.0
2008-03-18 00:00:00+05:30,63.05544185353062,65.76537069262373,62.79105744521865,63.584205627441406,194711,0.0,0.0
2008-03-19 00:00:00+05:30,65.8314531330273,66.69070103750215,58.164336992551576,59.88282775878906,415266,0.0,0.0
2008-03-24 00:00:00+05:30,60.41159572769462,61.03950415900357,56.18146117207807,57.10680389404297,289354,0.0,0.0
2008-03-25 00:00:00+05:30,58.95747673518375,69.73109874847881,58.26347356473574,67.12031555175781,1163069,0.0,0.0
2008-03-26 00:00:00+05:30,70.29291245063577,70.29291245063577,65.56705971446654,66.98812103271484,592958,0.0,0.0
2008-03-27 00:00:00+05:30,66.09585308890456,71.3174264914707,62.791060434459325,65.79842376708984,1143423,0.0,0.0
2008-03-28 00:00:00+05:30,66.69070237576007,72.3088486752779,66.69070237576007,70.32597351074219,717176,0.0,0.0
2008-03-31 00:00:00+05:30,67.74822803758275,70.39206132685426,66.49240621663641,67.35165405273438,270044,0.0,0.0
2008-04-01 00:00:00+05:30,68.73967043021472,71.3835039082999,68.07871206069342,70.35901641845703,485452,0.0,0.0
2008-04-02 00:00:00+05:30,72.70541520454708,75.34924848471242,68.6074756373755,69.6319580078125,374957,0.0,0.0
2008-04-03 00:00:00+05:30,69.92941154343308,73.03591448640294,68.77273416468914,71.7470474243164,433378,0.0,0.0
2008-04-04 00:00:00+05:30,72.04445790892585,74.0273328972449,70.0615829206068,70.25987243652344,417781,0.0,0.0
2008-04-07 00:00:00+05:30,69.56587804688607,74.6883061215974,69.56587804688607,73.23419952392578,475805,0.0,0.0
2008-04-08 00:00:00+05:30,72.77151661835127,74.35781773865162,71.71398421905512,73.30028533935547,243140,0.0,0.0
2008-04-09 00:00:00+05:30,72.54018086267449,85.46191896964807,72.37494127073218,82.71894073486328,1396167,0.0,0.0
2008-04-10 00:00:00+05:30,85.13141548605354,86.58552146300444,79.3149814928285,80.27336883544922,1468030,0.0,0.0
2008-04-11 00:00:00+05:30,79.97596250007848,84.80096060187883,79.97596250007848,82.71894073486328,781712,0.0,0.0
2008-04-15 00:00:00+05:30,81.95883530778396,86.91602292720637,81.36397178491086,85.03228759765625,1146001,0.0,0.0
2008-04-16 00:00:00+05:30,86.2550548759126,89.62594611212893,84.70179889570211,87.77526092529297,1243565,0.0,0.0
2008-04-17 00:00:00+05:30,90.18777214933023,93.52561410441737,88.96500515399029,91.77407836914062,1264905,0.0,0.0
2008-04-21 00:00:00+05:30,93.85610502060145,97.88795581974139,93.19514653454088,96.49993896484375,1172937,0.0,0.0
2008-04-22 00:00:00+05:30,95.24410585023941,96.76430204405781,89.62595966400352,90.25386810302734,681064,0.0,0.0
2008-04-23 00:00:00+05:30,90.25386810302734,93.72389957099656,89.52680985652117,90.25386810302734,564595,0.0,0.0
2008-04-24 00:00:00+05:30,92.13760510856211,92.4019945432974,86.28812880032557,86.84993743896484,717495,0.0,0.0
2008-04-25 00:00:00+05:30,87.24649970606019,89.52680393129292,84.66876624891428,86.61859130859375,544013,0.0,0.0
2008-04-28 00:00:00+05:30,87.24651177337572,87.84137031947867,84.60267808327342,85.1314468383789,276494,0.0,0.0
2008-04-29 00:00:00+05:30,85.85848121011249,93.52560170951415,82.95026865402139,91.37748718261719,1550355,0.0,0.0
2008-04-30 00:00:00+05:30,94.12046054778604,96.76429382256008,92.53416461709105,93.69084167480469,1192498,0.0,0.0
2008-05-02 00:00:00+05:30,95.83895939196323,102.01892391106284,94.58314257892776,100.03604888916016,1663261,0.0,0.0
2008-05-05 00:00:00+05:30,100.79616001674107,102.91122496394175,96.16945103236607,97.160888671875,1008406,0.0,0.0
2008-05-06 00:00:00+05:30,92.73243857720757,98.28448348890508,92.53414909777084,95.93807983398438,832105,0.0,0.0
2008-05-07 00:00:00+05:30,98.28452101067086,100.46568594632758,95.83897672511513,96.86346435546875,1064557,0.0,0.0
2008-05-08 00:00:00+05:30,96.86346039070659,96.86346039070659,93.4264785555717,95.77287292480469,542075,0.0,0.0
2008-05-09 00:00:00+05:30,95.04582044970135,97.1608853240237,90.55130128837583,91.77407836914062,524464,0.0,0.0
2008-05-12 00:00:00+05:30,90.154724843496,94.18657525709247,87.61004096675245,93.22818756103516,797093,0.0,0.0
2008-05-13 00:00:00+05:30,93.19512874045445,96.83039971969204,90.88177448093963,91.5757827758789,527310,0.0,0.0
2008-05-14 00:00:00+05:30,92.53417665209733,97.49136468703111,90.58435137544168,96.40078735351562,820735,0.0,0.0
2008-05-15 00:00:00+05:30,97.16085851332721,100.46564961922269,96.83037940273766,98.31753540039062,811419,0.0,0.0
2008-05-16 00:00:00+05:30,100.20131006200512,102.4485648701476,98.48281397194835,100.39958953857422,1277517,0.0,0.0
2008-05-20 00:00:00+05:30,99.80472897129982,102.2502732932465,98.54891191245382,98.97853088378906,653122,0.0,0.0
2008-05-21 00:00:00+05:30,97.9870703395653,101.78758065627694,96.66515370766561,100.82919311523438,610836,0.0,0.0
2008-05-22 00:00:00+05:30,100.46569569471606,106.74480167563581,98.48282012179403,103.67134857177734,2133000,0.0,0.0
2008-05-23 00:00:00+05:30,104.59667440295087,106.67868948011902,102.11808022278616,102.84513854980469,1403162,0.0,0.0
2008-05-26 00:00:00+05:30,101.78760321864515,101.78760321864515,89.22939243192918,97.75575256347656,651126,0.0,0.0
2008-05-27 00:00:00+05:30,98.48280326511549,100.13519929305367,93.98828405203865,95.01277160644531,626343,0.0,0.0
2008-05-28 00:00:00+05:30,97.09477103451322,98.81326666281853,94.0213189484009,98.0201187133789,669167,0.0,0.0
2008-05-29 00:00:00+05:30,99.14376915015319,99.34205870553865,93.2612428814144,94.55010986328125,1083320,0.0,0.0
2008-05-30 00:00:00+05:30,95.24411654167245,97.4583212947206,93.45952066090831,95.17801666259766,543677,0.0,0.0
2008-06-02 00:00:00+05:30,96.13638089021231,97.32610782467839,90.22080623476128,91.01395416259766,369277,0.0,0.0
2008-06-03 00:00:00+05:30,89.8903367624257,91.54273265879382,87.3126031982611,90.84872436523438,444733,0.0,0.0
2008-06-04 00:00:00+05:30,91.27834058532625,93.45949479518367,84.07388943336576,85.4288558959961,416391,0.0,0.0
2008-06-05 00:00:00+05:30,84.86707668103634,94.18659658813895,84.66879717761378,93.12905883789062,593101,0.0,0.0
2008-06-06 00:00:00+05:30,95.17801339285714,95.17801339285714,89.26243749420557,90.2208251953125,570236,0.0,0.0
2008-06-09 00:00:00+05:30,86.28810836427505,87.8413543231007,83.44598564789572,84.40437316894531,405778,0.0,0.0
2008-06-10 00:00:00+05:30,84.40437149558512,86.58553586656019,79.97595297598308,81.59529876708984,428652,0.0,0.0
2008-06-11 00:00:00+05:30,91.41055511208563,91.41055511208563,82.9502849849788,89.36157989501953,855684,0.0,0.0
2008-06-12 00:00:00+05:30,88.73364976904095,93.8230265469032,84.93313962995725,91.2783432006836,989956,0.0,0.0
2008-06-13 00:00:00+05:30,93.12904088364964,95.77287466414133,90.94788608308438,93.98828887939453,689984,0.0,0.0
2008-06-16 00:00:00+05:30,95.17800154775944,98.02012444439538,94.58314307225552,96.33467864990234,566693,0.0,0.0
2008-06-17 00:00:00+05:30,96.49990723408865,98.25144261204512,95.17799069663539,96.43380737304688,468918,0.0,0.0
2008-06-18 00:00:00+05:30,97.16088139508085,99.14375652559269,94.41790816537589,95.31019592285156,450243,0.0,0.0
2008-06-19 00:00:00+05:30,95.11191752664112,95.11191752664112,90.88178745386772,91.74103546142578,319921,0.0,0.0
2008-06-20 00:00:00+05:30,93.16206559251428,93.3603550894348,84.60265806334623,85.4288558959961,476329,0.0,0.0
2008-06-23 00:00:00+05:30,85.42885577637327,88.23792840344937,82.65283307964143,83.71036529541016,568357,0.0,0.0
2008-06-24 00:00:00+05:30,80.04206292584173,86.51945235733203,80.00901803076965,84.63572692871094,381569,0.0,0.0
2008-06-25 00:00:00+05:30,84.47048995848021,87.90747180129542,81.5292218988995,87.24651336669922,444538,0.0,0.0
2008-06-26 00:00:00+05:30,90.51824079707393,92.26978641355282,85.9245824449845,86.58554077148438,1699997,0.0,0.0
2008-06-27 00:00:00+05:30,83.31380963378517,87.51088948785385,83.28075969618583,85.3297348022461,485910,0.0,0.0
2008-06-30 00:00:00+05:30,85.32972992603655,86.75078639277704,79.51329423080739,80.30644226074219,373522,0.0,0.0
2008-07-01 00:00:00+05:30,80.07510304965211,81.43006460664384,76.53897697672575,77.16688537597656,360671,0.0,0.0
2008-07-02 00:00:00+05:30,77.36517482884175,81.52920929756804,71.08607067068975,80.17424774169922,497915,0.0,0.0
2008-07-03 00:00:00+05:30,78.32354990519158,79.51327673096246,76.01019611052347,76.9024887084961,199334,0.0,0.0
2008-07-04 00:00:00+05:30,77.13382894344157,80.57081501101135,76.73725498560584,79.5132827758789,239541,0.0,0.0
2008-07-07 00:00:00+05:30,68.01262358156401,83.14857266515214,68.01262358156401,81.00045776367188,417842,0.0,0.0
2008-07-08 00:00:00+05:30,79.38109472594523,80.63691656625718,78.02613316992624,78.8853759765625,238179,0.0,0.0
2008-07-09 00:00:00+05:30,82.61979228318339,83.87561413443017,79.97595893012152,81.79359436035156,524401,0.0,0.0
2008-07-10 00:00:00+05:30,81.46313316717247,84.60268596671867,79.31501809379876,81.66142272949219,618851,0.0,0.0
2008-07-11 00:00:00+05:30,84.4374222046452,84.6026617784312,78.75318187494918,79.3480453491211,469330,0.0,0.0
2008-07-14 00:00:00+05:30,81.69443664468116,81.69443664468116,75.67971772891649,76.37372589111328,283321,0.0,0.0
2008-07-15 00:00:00+05:30,74.15952750900934,77.5965140777355,73.36637947768679,74.55610656738281,429841,0.0,0.0
2008-07-16 00:00:00+05:30,74.85352141246157,76.47286709922282,72.77150192754623,73.89513397216797,314024,0.0,0.0
2008-07-17 00:00:00+05:30,76.57201247728898,77.33211547554816,73.8951345826083,76.20848846435547,417786,0.0,0.0
2008-07-18 00:00:00+05:30,78.20477880866255,79.15037962028639,75.64815043354804,77.29419708251953,432611,6.5,0.0
2008-07-21 00:00:00+05:30,78.5199863025112,78.5199863025112,75.15784910406074,75.78824615478516,190561,0.0,0.0
2008-07-22 00:00:00+05:30,76.7688496642153,79.39552110809112,72.49613185097265,75.33293914794922,877912,0.0,0.0
2008-07-23 00:00:00+05:30,78.44992659164234,78.44992659164234,76.5587251417561,77.50432586669922,1023725,0.0,0.0
2008-07-24 00:00:00+05:30,78.09969861633967,78.80014434384047,75.64813857008684,76.94396209716797,920791,0.0,0.0
2008-07-25 00:00:00+05:30,72.84635813272489,76.6637853395894,72.84635813272489,75.22787475585938,951184,0.0,0.0
2008-07-28 00:00:00+05:30,73.61685693961061,81.77705206928086,73.61685693961061,80.86647033691406,587465,0.0,0.0
2008-07-29 00:00:00+05:30,79.78077883046065,81.53189335551914,77.0490391025739,77.6093978881836,530711,0.0,0.0
2008-07-30 00:00:00+05:30,78.48495504091998,80.13100162337683,78.27481916061596,78.76512908935547,269703,0.0,0.0
2008-07-31 00:00:00+05:30,78.51998401444715,79.64069638127319,75.71820042539298,76.5587387084961,374661,0.0,0.0
2008-08-01 00:00:00+05:30,77.04905247519605,79.3255017528723,75.29793764621432,77.81954193115234,273723,0.0,0.0
2008-08-04 00:00:00+05:30,78.16974482427453,79.71072868446676,77.4342799913442,78.34485626220703,332915,0.0,0.0
2008-08-05 00:00:00+05:30,77.99463945922037,80.34113184142493,77.99463945922037,79.64068603515625,276809,0.0,0.0
2008-08-06 00:00:00+05:30,81.25169876727593,85.59445983966044,79.85080740921944,83.84334564208984,870937,0.0,0.0
2008-08-07 00:00:00+05:30,86.85526958492753,90.18238676660822,84.82397592100081,86.36495971679688,1395014,0.0,0.0
2008-08-08 00:00:00+05:30,86.36496876937062,88.43128172962032,80.5512665259908,86.2248764038086,597802,0.0,0.0
2008-08-11 00:00:00+05:30,87.7308271971068,88.25616149170025,84.82397636489434,85.76957702636719,324317,0.0,0.0
2008-08-12 00:00:00+05:30,87.48567780440582,87.52069688654461,82.86273678789277,83.45811462402344,269550,0.0,0.0
2008-08-13 00:00:00+05:30,83.45812008864881,85.34932165524249,81.35678263955472,82.30238342285156,515748,0.0,0.0
2008-08-14 00:00:00+05:30,80.55128065206237,85.13920355722766,80.55128065206237,82.65261840820312,712429,0.0,0.0
2008-08-18 00:00:00+05:30,81.46185143469827,84.68390115495431,81.28673997877156,81.636962890625,314272,0.0,0.0
2008-08-19 00:00:00+05:30,80.69136224447803,82.30238988622507,79.71074229973937,80.48123168945312,349035,0.0,0.0
2008-08-20 00:00:00+05:30,81.95216087955883,83.2830090053728,80.2010463308503,82.54753875732422,386110,0.0,0.0
2008-08-21 00:00:00+05:30,81.60192515497123,82.47748229182714,78.94022932133859,79.71072387695312,188617,0.0,0.0
2008-08-22 00:00:00+05:30,79.22041242130436,79.78077115298954,77.22414312363834,78.7301025390625,284356,0.0,0.0
2008-08-25 00:00:00+05:30,80.55123994513845,81.25168550987878,78.9752374244727,79.29043579101562,157294,0.0,0.0
2008-08-26 00:00:00+05:30,79.29046089325902,80.83144482992691,78.5199715969137,80.44619750976562,336861,0.0,0.0
2008-08-27 00:00:00+05:30,81.25170194825309,82.23232700607906,79.88583495826535,80.62129974365234,413840,0.0,0.0
2008-08-28 00:00:00+05:30,80.55125983356486,81.18166206627508,78.09969975167375,78.51996612548828,580808,0.0,0.0
2008-08-29 00:00:00+05:30,80.20104698311513,81.1816722071627,79.57064467165759,80.79642486572266,175551,0.0,0.0
2008-09-01 00:00:00+05:30,80.48120712399131,81.91711751563123,79.88582938384909,81.53187561035156,190689,0.0,0.0
2008-09-02 00:00:00+05:30,81.95214768593569,83.52815052604983,81.60192483257698,82.61756896972656,227692,0.0,0.0
2008-09-04 00:00:00+05:30,80.55127063952385,85.03412503086678,80.55127063952385,84.33367919921875,442029,0.0,0.0
2008-09-05 00:00:00+05:30,80.97153000115303,84.40371534540475,80.62130711590238,83.45811462402344,202100,0.0,0.0
2008-09-08 00:00:00+05:30,84.1235271174692,85.10415216179133,83.49312492154951,83.87837219238281,140622,0.0,0.0
2008-09-09 00:00:00+05:30,80.6213109019772,84.75394221080359,77.11908188500185,83.59820556640625,205823,0.0,0.0
2008-09-10 00:00:00+05:30,83.5281472241177,84.36867990136102,82.79267712354748,83.84334564208984,243994,0.0,0.0
2008-09-11 00:00:00+05:30,83.35303710135052,85.5244176713299,82.79267841181807,83.3880615234375,328695,0.0,0.0
2008-09-12 00:00:00+05:30,84.36868822133592,84.40371264633181,80.93650833081603,82.05722045898438,252126,0.0,0.0
2008-09-15 00:00:00+05:30,80.55127965846411,81.25172556853772,71.83073021563906,78.62505340576172,414884,0.0,0.0
2008-09-16 00:00:00+05:30,74.80762269846284,77.04904739415618,72.49614913904695,74.77259826660156,339257,0.0,0.0
2008-09-17 00:00:00+05:30,74.77258787176487,75.71818861680438,70.81506810062308,71.1302719116211,212582,0.0,0.0
2008-09-18 00:00:00+05:30,68.0833565764126,68.0833565764126,63.9507289954992,65.07144165039062,429021,0.0,0.0
2008-09-19 00:00:00+05:30,68.2934898593547,68.50362581189826,65.14148263507678,65.876953125,402753,0.0,0.0
2008-09-22 00:00:00+05:30,66.82252644013937,69.1690186626857,65.94696924187753,66.68243408203125,275822,0.0,0.0
2008-09-23 00:00:00+05:30,65.91195722035081,68.6436972618103,65.31657928228378,67.24280548095703,413521,0.0,0.0
2008-09-24 00:00:00+05:30,68.29347108744919,68.50360698223245,65.52671208867697,66.4723129272461,174422,0.0,0.0
2008-09-25 00:00:00+05:30,66.29721069335938,67.55801020566443,65.03640583707579,66.29721069335938,417400,0.0,0.0
2008-09-26 00:00:00+05:30,65.84191812543935,70.00956931600079,64.51106977538478,65.38662719726562,905011,0.0,0.0
2008-09-29 00:00:00+05:30,65.1414553650424,65.84190112165577,60.16829156188296,61.464115142822266,376355,0.0,0.0
2008-09-30 00:00:00+05:30,57.43656336857001,63.56546494753328,55.125089778341206,60.69363784790039,257390,0.0,0.0
2008-10-01 00:00:00+05:30,63.39033987854601,63.39033987854601,60.448469889176636,60.868736267089844,144915,0.0,0.0
2008-10-03 00:00:00+05:30,60.6585965550455,61.39406667768271,58.48721595370333,58.87246322631836,103186,0.0,0.0
2008-10-06 00:00:00+05:30,58.66234175569772,58.66234175569772,51.20259215319252,51.903038024902344,380323,0.0,0.0
2008-10-07 00:00:00+05:30,53.2338899060269,54.249534352169,50.50214974994829,51.7979736328125,181028,0.0,0.0
2008-10-08 00:00:00+05:30,50.43209379040075,50.99245252566265,47.70035430795865,49.9417839050293,253640,0.0,0.0
2008-10-10 00:00:00+05:30,48.12062011630873,48.12062011630873,44.12808154287726,45.77412796020508,280923,0.0,0.0
2008-10-13 00:00:00+05:30,49.03120229622295,50.67724873308647,44.828527813689554,49.9417839050293,225586,0.0,0.0
2008-10-14 00:00:00+05:30,50.607202880134466,57.29646159219275,50.607202880134466,52.77858352661133,358357,0.0,0.0
2008-10-15 00:00:00+05:30,51.20258331298828,53.1638335527541,50.607205493623404,51.20258331298828,147501,0.0,0.0
2008-10-16 00:00:00+05:30,49.03119701200572,56.70107497843607,45.87919148980536,54.84489822387695,607573,0.0,0.0
2008-10-17 00:00:00+05:30,56.00064901065376,56.736119362199496,49.73166018168104,50.57219314575195,220737,0.0,0.0
2008-10-20 00:00:00+05:30,50.22195703498518,51.79795993789028,47.80542138812144,48.64595413208008,295128,0.0,0.0
2008-10-21 00:00:00+05:30,49.38142916949492,53.58410399243066,49.38142916949492,52.323299407958984,181618,0.0,0.0
2008-10-22 00:00:00+05:30,50.4320967649132,53.44401579263087,50.292009744823794,52.568458557128906,194793,0.0,0.0
2008-10-23 00:00:00+05:30,50.432097875228855,53.26890551830143,49.03120626758361,52.323299407958984,153626,0.0,0.0
2008-10-24 00:00:00+05:30,51.69289976096296,62.37469771159202,45.528974871533705,46.68471145629883,257998,0.0,0.0
2008-10-27 00:00:00+05:30,45.5289805042813,46.229426358193315,39.29501133566877,41.886661529541016,254655,0.0,0.0
2008-10-29 00:00:00+05:30,46.33449323277914,48.330762801434155,41.39634793938938,42.97235107421875,334161,0.0,0.0
2008-10-31 00:00:00+05:30,45.45893322881768,46.0893355140079,43.462661107041065,44.653419494628906,137033,0.0,0.0
2008-11-03 00:00:00+05:30,45.52898354760669,48.33076715053633,45.28382855114597,47.52525329589844,206532,0.0,0.0
2008-11-04 00:00:00+05:30,47.66533930974169,49.52151642333565,45.52897746054074,48.22569274902344,128119,0.0,0.0
2008-11-05 00:00:00+05:30,49.381427865666296,49.871737777805414,45.66906306583382,46.26444625854492,185147,0.0,0.0
2008-11-06 00:00:00+05:30,45.52898160217525,47.28009627918199,44.828535731372554,45.248802185058594,72197,0.0,0.0
2008-11-07 00:00:00+05:30,45.248797937885385,46.159379622050416,43.112438766859334,43.882930755615234,219747,0.0,0.0
2008-11-10 00:00:00+05:30,45.17876044295575,45.45893987108753,43.497689218143165,45.038673400878906,228725,0.0,0.0
2008-11-11 00:00:00+05:30,44.128081013480035,46.299461708840035,43.497678787349244,43.98799133300781,203314,0.0,0.0
2008-11-12 00:00:00+05:30,43.21750582807718,44.37323977973928,41.816614246434405,42.44701385498047,102368,0.0,0.0
2008-11-14 00:00:00+05:30,43.77786573440901,45.458936847405866,42.16684080978054,44.54835510253906,211130,0.0,0.0
2008-11-17 00:00:00+05:30,37.2987407773768,44.72346557224689,37.2987407773768,43.39262008666992,146549,0.0,0.0
2008-11-18 00:00:00+05:30,43.21749893231947,43.21749893231947,41.536428233783305,42.341941833496094,52768,0.0,0.0
2008-11-19 00:00:00+05:30,41.3263085141887,43.602757712004184,41.3263085141887,42.096797943115234,59638,0.0,0.0
2008-11-20 00:00:00+05:30,41.32629656686657,41.32629656686657,39.25998120412557,39.75029373168945,51897,0.0,0.0
2008-11-21 00:00:00+05:30,39.25998690696093,41.18621287419976,38.52451934477658,39.820343017578125,71889,0.0,0.0
2008-11-24 00:00:00+05:30,39.82034165725273,40.90603475747115,39.22496381105889,39.540164947509766,27347,0.0,0.0
2008-11-25 00:00:00+05:30,41.32629685959917,41.32629685959917,39.57518258588733,39.85536193847656,50368,0.0,0.0
2008-11-26 00:00:00+05:30,39.43509896444344,40.625857387793765,38.699631390958714,39.61021041870117,62247,0.0,0.0
2008-11-27 00:00:00+05:30,39.61021041870117,39.61021041870117,39.61021041870117,39.61021041870117,0,0.0,0.0
2008-11-28 00:00:00+05:30,39.7853179272075,39.7853179272075,37.263714304774396,38.0692253112793,116476,0.0,0.0
2008-12-01 00:00:00+05:30,38.59455133420755,40.030466945956775,38.1742850447123,39.57517623901367,73765,0.0,0.0
2008-12-02 00:00:00+05:30,37.964158192754205,38.80469358305645,37.613935336127305,38.55953598022461,35371,0.0,0.0
2008-12-03 00:00:00+05:30,38.52452079219626,40.590836532720914,38.244341390366586,39.50514602661133,252395,0.0,0.0
2008-12-04 00:00:00+05:30,39.8553676591269,40.27563407634545,37.894117253470405,38.8046989440918,328817,0.0,0.0
2008-12-05 00:00:00+05:30,38.45448207802319,39.92541744127449,38.45448207802319,39.119903564453125,177999,0.0,0.0
2008-12-08 00:00:00+05:30,39.925416446335994,40.27563939761964,38.69963611684322,39.08488082885742,46028,0.0,0.0
2008-12-10 00:00:00+05:30,38.874742845216446,39.92541157076284,38.874742845216446,39.61021041870117,39903,0.0,0.0
2008-12-11 00:00:00+05:30,39.92541032102682,42.37697060389688,39.57518742347395,41.01110076904297,254692,0.0,0.0
2008-12-12 00:00:00+05:30,39.92540248168995,41.67651662562372,39.47011173547191,40.76593780517578,73827,0.0,0.0
2008-12-15 00:00:00+05:30,40.83598866022376,43.35759508504022,40.03047761206505,41.641502380371094,183857,0.0,0.0
2008-12-16 00:00:00+05:30,41.04612742501737,46.264452427972515,41.04612742501737,45.45893859863281,339841,0.0,0.0
2008-12-17 00:00:00+05:30,44.828530612568635,48.120623691838226,41.746568064159085,42.44701385498047,180346,0.0,0.0
2008-12-18 00:00:00+05:30,42.5170609735275,44.128085793495465,41.71154722754916,43.46266174316406,113650,0.0,0.0
2008-12-19 00:00:00+05:30,44.02301849496048,44.61839904213451,42.797238316176504,43.81288528442383,121038,0.0,0.0
2008-12-22 00:00:00+05:30,45.178746701519394,45.28381462310892,43.4626542381493,44.44327926635742,214864,0.0,0.0
2008-12-23 00:00:00+05:30,43.84790201455711,43.98799169618595,41.01109731752384,41.67652130126953,154717,0.0,0.0
2008-12-24 00:00:00+05:30,41.39634389465352,43.32256976012704,41.39634389465352,42.72719192504883,90413,0.0,0.0
2008-12-26 00:00:00+05:30,42.72719230499876,44.828529631474105,42.62212436987956,43.952972412109375,155694,0.0,0.0
2008-12-29 00:00:00+05:30,43.707822482790796,45.35386917558,42.236884582011086,44.09306716918945,71040,0.0,0.0
2008-12-30 00:00:00+05:30,43.63776075815702,47.560257758433345,43.63776075815702,47.0349235534668,242413,0.0,0.0
2008-12-31 00:00:00+05:30,47.98053619709421,50.607207886716154,47.63031330514462,49.38142776489258,319068,0.0,0.0
2009-01-02 00:00:00+05:30,52.953707862360005,53.514066708217406,50.922413726099435,51.37770462036133,150250,0.0,0.0
2009-01-05 00:00:00+05:30,51.83299305966358,53.93433061613642,50.432101355348344,53.163841247558594,191476,0.0,0.0
2009-01-06 00:00:00+05:30,53.23387991851949,55.5103287308246,51.16756698032576,52.568458557128906,333233,0.0,0.0
2009-01-07 00:00:00+05:30,52.883660652348226,53.72419351850311,42.727196023751546,45.07368850708008,232962,0.0,0.0
2009-01-09 00:00:00+05:30,43.427628846151606,45.879188539079514,41.53642512006675,43.567718505859375,100355,0.0,0.0
2009-01-12 00:00:00+05:30,42.86728097084344,44.79350680744843,42.02674552592719,43.35759353637695,73455,0.0,0.0
2009-01-13 00:00:00+05:30,42.79723729089727,45.14372965098839,38.55954073730579,42.65715026855469,133480,0.0,0.0
2009-01-14 00:00:00+05:30,43.427635967149804,44.68843776728227,39.22496151871595,41.36132049560547,600876,0.0,0.0
2009-01-15 00:00:00+05:30,39.22496869663491,41.991730415884625,37.2987425552823,38.594566345214844,399563,0.0,0.0
2009-01-16 00:00:00+05:30,39.22496536131035,39.22496536131035,37.894117253470405,38.8046989440918,108306,0.0,0.0
2009-01-19 00:00:00+05:30,38.524515843991914,39.715274140840265,38.244336478149314,39.36505126953125,49915,0.0,0.0
2009-01-20 00:00:00+05:30,38.52451114469041,40.27562528763088,38.52451114469041,39.33002471923828,72535,0.0,0.0
2009-01-21 00:00:00+05:30,38.594566253521876,39.540169778405414,38.20932156056441,38.4544792175293,38047,0.0,0.0
2009-01-22 00:00:00+05:30,39.29500143488178,39.470112854238636,38.03419974991011,38.4894905090332,32269,0.0,0.0
2009-01-23 00:00:00+05:30,37.82407251473575,38.629586238937605,35.792778662741526,36.143001556396484,56415,0.0,0.0
2009-01-27 00:00:00+05:30,35.757760797639335,38.524522492890135,35.757760797639335,37.78905487060547,91847,0.0,0.0
2009-01-28 00:00:00+05:30,37.824079554420784,38.45448194912345,37.19367715971812,37.89412307739258,52471,0.0,0.0
2009-01-29 00:00:00+05:30,38.45448166661165,39.22497110159738,36.91350012465107,37.0886116027832,187657,0.0,0.0
2009-01-30 00:00:00+05:30,36.072959594626255,37.96416383592674,36.072959594626255,37.508872985839844,57276,0.0,0.0
2009-02-02 00:00:00+05:30,37.648968075002166,39.36506110770242,37.19367715971812,37.89412307739258,35831,0.0,0.0
2009-02-03 00:00:00+05:30,38.52452547209524,42.026755060467536,37.824079554420784,37.89412307739258,147376,0.0,0.0
2009-02-04 00:00:00+05:30,37.929144577704676,38.34941102701336,37.57892164595113,37.78905487060547,108106,0.0,0.0
2009-02-05 00:00:00+05:30,37.78905203535396,38.31438639356929,37.473850886027016,37.824073791503906,65977,0.0,0.0
2009-02-06 00:00:00+05:30,38.17429039695046,43.2875434386581,37.50886645196376,38.524513244628906,390216,0.0,0.0
2009-02-09 00:00:00+05:30,38.87474738496758,40.27563918262406,38.17430148613933,38.419456481933594,86454,0.0,0.0
2009-02-10 00:00:00+05:30,38.87473708558649,39.224959942213395,38.31438104938111,38.55953598022461,74072,0.0,0.0
2009-02-11 00:00:00+05:30,38.524517442505584,39.224963214187504,38.524517442505584,38.76967239379883,68261,0.0,0.0
2009-02-12 00:00:00+05:30,38.8747366010355,43.18247875264827,38.7346469257332,39.75029373168945,386859,0.0,0.0
2009-02-13 00:00:00+05:30,39.92540872508082,41.116167063559885,39.92540872508082,40.6258544921875,114469,0.0,0.0
2009-02-16 00:00:00+05:30,39.96041893403852,41.88664423707444,39.43508476048327,39.64521789550781,105254,0.0,0.0
2009-02-17 00:00:00+05:30,39.22496247587054,39.71527504121662,37.68398127277792,37.859092712402344,41463,0.0,0.0
2009-02-18 00:00:00+05:30,37.3337583257292,38.03420408295485,37.12362513295921,37.298736572265625,35616,0.0,0.0
2009-02-19 00:00:00+05:30,37.26370901399429,38.03419815812304,36.59828511388959,36.80841827392578,45920,0.0,0.0
2009-02-20 00:00:00+05:30,36.808413698491,37.333747869274376,36.24805778405295,36.45819091796875,49645,0.0,0.0
2009-02-24 00:00:00+05:30,36.143001556396484,36.35313743018036,35.0923328754316,36.143001556396484,379145,0.0,0.0
2009-02-25 00:00:00+05:30,36.42317982620102,36.9835359045141,33.41126356727826,34.987266540527344,203915,0.0,0.0
2009-02-26 00:00:00+05:30,34.67206431659459,35.582643249097366,30.259256665243885,33.41126251220703,185136,0.0,0.0
2009-02-27 00:00:00+05:30,33.8315359732087,34.567003623758865,33.09606832265854,33.621402740478516,37973,0.0,0.0
2009-03-02 00:00:00+05:30,32.990995959906655,33.58637649036943,32.29055016311893,32.710819244384766,26948,0.0,0.0
2009-03-03 00:00:00+05:30,32.29054393061382,33.62139175643462,30.504408027950866,31.06476402282715,55844,0.0,0.0
2009-03-04 00:00:00+05:30,31.520062471278628,31.97535333132595,30.959706339520324,31.555084228515625,30430,0.0,0.0
2009-03-05 00:00:00+05:30,31.625123754716086,33.62139288868655,30.924678069535116,32.01036834716797,119973,0.0,0.0
2009-03-06 00:00:00+05:30,31.450016683044932,31.730193392673588,30.504413274078118,30.81961441040039,60986,0.0,0.0
2009-03-09 00:00:00+05:30,31.520058503144423,32.1504607420027,29.768944141858622,30.434368133544922,69138,0.0,0.0
2009-03-12 00:00:00+05:30,30.819619540510505,31.520065439158472,29.979083927735136,30.469396591186523,25226,0.0,0.0
2009-03-13 00:00:00+05:30,30.469401105733628,31.45002657793233,29.068509100872312,30.32931137084961,390735,0.0,0.0
2009-03-16 00:00:00+05:30,30.819619614500567,32.64077788656179,30.469396664335786,32.185489654541016,210028,0.0,0.0
2009-03-17 00:00:00+05:30,32.43063027389365,33.83152145351746,31.8702743364417,32.220497131347656,100331,0.0,0.0
2009-03-18 00:00:00+05:30,32.5707273067003,35.652689669032924,32.5707273067003,35.09233093261719,249308,0.0,0.0
2009-03-19 00:00:00+05:30,35.44255486443258,41.08114544594606,35.19739991392702,36.6683349609375,837698,0.0,0.0
2009-03-20 00:00:00+05:30,35.02229283132273,37.33376362379225,34.356868733129815,34.9172248840332,105090,0.0,0.0
2009-03-23 00:00:00+05:30,35.02228418918536,36.037930965069386,33.65641457140949,35.30246353149414,157654,0.0,0.0
2009-03-24 00:00:00+05:30,36.21305317335865,37.29874377223724,35.47758552069826,35.9678955078125,199989,0.0,0.0
2009-03-25 00:00:00+05:30,36.423169174314076,37.15863647901325,35.44254432005667,36.45819091796875,160322,0.0,0.0
2009-03-26 00:00:00+05:30,37.05358215872352,37.789049679986014,35.827802065956526,36.52824783325195,205067,0.0,0.0
2009-03-27 00:00:00+05:30,36.42318657835726,37.613945135509056,36.42318657835726,37.19367599487305,89752,0.0,0.0
2009-03-30 00:00:00+05:30,36.49323116975532,38.8047048310936,35.827809686874,36.10798645019531,113217,0.0,0.0
2009-03-31 00:00:00+05:30,36.24807572723267,37.683989303768705,36.072964250289516,36.983543395996094,147598,0.0,0.0
2009-04-01 00:00:00+05:30,38.38442566357727,39.575183944992425,36.913490691939295,37.15864562988281,260160,0.0,0.0
2009-04-02 00:00:00+05:30,37.82406490482822,39.22495619759963,37.5438855774787,38.104244232177734,255422,0.0,0.0
2009-04-06 00:00:00+05:30,39.15493037860569,39.89039810494666,37.57892696273678,38.1743049621582,255651,0.0,0.0
2009-04-08 00:00:00+05:30,37.4738596765505,39.92542058996969,37.123636688919184,39.1899528503418,387013,0.0,0.0
2009-04-09 00:00:00+05:30,39.92541670014841,43.49768975715553,39.224970793128264,42.096797943115234,496431,0.0,0.0
2009-04-13 00:00:00+05:30,44.408261051565965,45.45892966314571,43.42763594529616,44.33821487426758,401514,0.0,0.0
2009-04-15 00:00:00+05:30,43.987990548292935,50.432091687161204,42.16683275060746,47.069950103759766,444679,0.0,0.0
2009-04-16 00:00:00+05:30,48.61092883855293,50.43208644701087,46.99990171723851,48.33074951171875,429993,0.0,0.0
2009-04-17 00:00:00+05:30,49.241342342552436,53.79424008554318,49.136274402764855,51.307655334472656,567027,0.0,0.0
2009-04-20 00:00:00+05:30,51.48275944444,53.89929499505775,49.06622389382225,53.40898513793945,463128,0.0,0.0
2009-04-21 00:00:00+05:30,52.18321248672297,53.02374531536111,49.906763619852505,51.16756820678711,148938,0.0,0.0
2009-04-22 00:00:00+05:30,51.973082122088506,52.49841653172139,47.0349418779262,47.66534423828125,138099,0.0,0.0
2009-04-23 00:00:00+05:30,46.50960301952343,48.295736635039916,45.283822847629246,46.369510650634766,150095,0.0,0.0
2009-04-24 00:00:00+05:30,46.36950586554877,48.33075607577987,46.36950586554877,47.73537826538086,83362,0.0,0.0
2009-04-27 00:00:00+05:30,47.630315095071026,50.46712276405962,47.630315095071026,49.31138610839844,176881,0.0,0.0
2009-04-28 00:00:00+05:30,49.38142994378963,50.22196278396527,48.12062533954869,48.435829162597656,108322,0.0,0.0
2009-04-29 00:00:00+05:30,49.0312055397298,49.69662690589235,46.22942236603095,48.75102615356445,117449,0.0,0.0
2009-04-30 00:00:00+05:30,47.98053741455078,47.98053741455078,47.98053741455078,47.98053741455078,0,0.0,0.0
2009-05-04 00:00:00+05:30,50.3270200223583,51.69289227714701,49.03119660933542,50.88737869262695,148815,0.0,0.0
2009-05-05 00:00:00+05:30,51.13254379553183,54.52970488301484,50.9224079163154,53.26890563964844,304832,0.0,0.0
2009-05-06 00:00:00+05:30,53.233876810980746,53.899298133527225,51.482762442198485,52.07814025878906,182548,0.0,0.0
2009-05-07 00:00:00+05:30,51.8329861714507,60.8687375322963,51.8329861714507,56.49095153808594,1034111,0.0,0.0
2009-05-08 00:00:00+05:30,56.49096016155691,57.331493063163705,53.373972851477845,53.89930725097656,241417,0.0,0.0
2009-05-11 00:00:00+05:30,55.12508487598009,55.89557956685376,52.88366034974105,53.47903823852539,131450,0.0,0.0
2009-05-12 00:00:00+05:30,53.584107468236354,58.41718489691205,52.04312873745987,56.24580383300781,237413,0.0,0.0
2009-05-13 00:00:00+05:30,56.73608944892249,57.191380124406464,53.23386170516184,54.07439422607422,135571,0.0,0.0
2009-05-14 00:00:00+05:30,51.13254269563314,56.38588612326669,51.13254269563314,55.79050827026367,133055,0.0,0.0
2009-05-15 00:00:00+05:30,55.79049763389834,56.73609820179975,53.724179739916174,54.424625396728516,204612,0.0,0.0
2009-05-18 00:00:00+05:30,59.46785892605506,62.33968609300457,59.46785892605506,61.49915313720703,615,0.0,0.0
2009-05-19 00:00:00+05:30,60.23833545903836,60.55353391396576,54.63476936982549,59.572914123535156,265689,0.0,0.0
2009-05-20 00:00:00+05:30,58.13701048429631,66.47231787553925,58.13701048429631,64.8262710571289,325757,0.0,0.0
2009-05-21 00:00:00+05:30,64.58109671838783,70.81506503033084,64.58109671838783,67.5229721069336,593163,0.0,0.0
2009-05-22 00:00:00+05:30,66.89257760523589,75.08779178158473,66.7524905750673,71.97080993652344,790064,0.0,0.0
2009-05-25 00:00:00+05:30,72.14591200589426,75.64814074404447,71.44546625826422,74.98271942138672,402861,0.0,0.0
2009-05-26 00:00:00+05:30,75.75322407305728,77.46931436598332,70.04458900070428,72.77632904052734,711421,0.0,0.0
2009-05-27 00:00:00+05:30,74.94771050047603,76.69882523179557,73.54681871542041,74.14219665527344,379239,0.0,0.0
2009-05-28 00:00:00+05:30,75.5780957177278,76.94396276053946,73.89702488843719,74.31729125976562,246422,0.0,0.0
2009-05-29 00:00:00+05:30,74.94770146070955,79.04530836897156,74.28228008065871,76.5237045288086,308377,0.0,0.0
2009-06-01 00:00:00+05:30,78.37988063660228,79.01028288154626,73.196581008363,75.22787475585938,428455,0.0,0.0
2009-06-02 00:00:00+05:30,76.6988103028294,80.20103908378051,74.73756004790597,76.59374237060547,582406,0.0,0.0
2009-06-03 00:00:00+05:30,77.85455840699736,79.50060510918492,75.64815287922441,76.45366668701172,462301,0.0,0.0
2009-06-04 00:00:00+05:30,76.45366668701172,77.74949045920286,75.01775053643532,76.45366668701172,392620,0.0,0.0
2009-06-05 00:00:00+05:30,77.67942524288317,77.74946874052081,75.08777307848003,75.43799591064453,306026,0.0,0.0
2009-06-08 00:00:00+05:30,74.94770800537306,78.09971441681398,72.49614746314123,73.86201477050781,455272,0.0,0.0
2009-06-09 00:00:00+05:30,72.84635714853046,78.7651215292578,72.49613427762407,76.76885223388672,545001,0.0,0.0
2009-06-10 00:00:00+05:30,77.78450366260977,79.50059363430573,75.64814196039663,77.67943572998047,558123,0.0,0.0
2009-06-11 00:00:00+05:30,77.6794338358341,78.4499230830328,74.94769437396883,76.76885223388672,391820,0.0,0.0
2009-06-12 00:00:00+05:30,80.55127764069854,83.91342006242327,72.98645986380693,74.14219665527344,1361682,0.0,0.0
2009-06-15 00:00:00+05:30,72.84635679183468,74.24724826860073,70.04457383830257,70.56990814208984,341764,0.0,0.0
2009-06-16 00:00:00+05:30,70.04457461668402,71.72564547627982,67.97826180308262,71.06021881103516,366823,0.0,0.0
2009-06-17 00:00:00+05:30,71.44545669741605,73.09150291527696,68.71371757842549,69.23905181884766,263742,0.0,0.0
2009-06-18 00:00:00+05:30,69.97454506247156,69.97454506247156,64.79124443858885,65.91195678710938,311643,0.0,0.0
2009-06-19 00:00:00+05:30,67.52295365254506,68.22339921876653,65.38659253797934,67.03263854980469,256939,0.0,0.0
2009-06-22 00:00:00+05:30,67.90821406725874,69.30910558257281,66.82252634927656,67.5229721069336,210441,0.0,0.0
2009-06-23 00:00:00+05:30,65.31657651219368,68.22342790297964,64.44101918629296,67.83818054199219,139559,0.0,0.0
2009-06-24 00:00:00+05:30,68.29346217412692,70.60493533914975,67.34786145897289,69.97453308105469,179608,0.0,0.0
2009-06-25 00:00:00+05:30,69.65933951458572,72.77632683713321,68.0132927917009,70.53489685058594,258420,0.0,0.0
2009-06-26 00:00:00+05:30,72.00581413388852,72.00581413388852,70.78003426041067,71.37541198730469,142567,0.0,0.0
2009-06-29 00:00:00+05:30,71.44547607642573,72.49614484225552,70.81507374813232,72.18094635009766,107425,0.0,0.0
2009-06-30 00:00:00+05:30,72.14592376708984,73.02148109436035,69.55427621596027,70.04458618164062,146243,0.0,0.0
2009-07-01 00:00:00+05:30,70.74503242027997,75.99837641188492,69.37916512005383,74.7375717163086,800600,0.0,0.0
2009-07-02 00:00:00+05:30,75.57810148199195,77.39925945929761,73.26662824742654,74.24725341796875,762599,0.0,0.0
2009-07-03 00:00:00+05:30,74.21223770511236,74.8076209691224,72.49614746314123,73.86201477050781,229227,0.0,0.0
2009-07-06 00:00:00+05:30,74.56245945170407,75.99837559829524,70.07961023537396,70.9201431274414,342743,0.0,0.0
2009-07-07 00:00:00+05:30,72.14592376708984,72.6362337327702,69.16902885437011,70.04458618164062,170216,0.0,0.0
2009-07-08 00:00:00+05:30,70.04458931423619,70.04458931423619,68.22343106086167,68.60867309570312,142221,0.0,0.0
2009-07-09 00:00:00+05:30,68.60865942915079,69.69435248484724,66.64741452541064,67.27781677246094,277173,0.0,0.0
2009-07-10 00:00:00+05:30,67.9782645090923,68.95888431757983,66.64741646960287,67.34786224365234,185697,0.0,0.0
2009-07-13 00:00:00+05:30,67.3478664869156,67.87320085055148,66.05204279207592,66.61239624023438,170274,0.0,0.0
2009-07-14 00:00:00+05:30,67.94324463904177,70.32476149930883,67.48795378658258,69.93951416015625,204289,0.0,0.0
2009-07-15 00:00:00+05:30,71.44546482104828,74.7725820553618,70.39479622073874,74.31729125976562,288045,0.0,0.0
2009-07-16 00:00:00+05:30,75.57809611965824,76.97898759418769,73.65187034218027,74.56244659423828,381771,0.0,0.0
2009-07-17 00:00:00+05:30,76.39013819593735,79.41142438145617,73.55534567696066,77.99403381347656,866122,6.5,0.0
2009-07-20 00:00:00+05:30,78.92654710853242,82.05973470238307,78.2551481408473,81.50023651123047,861771,0.0,0.0
2009-07-21 00:00:00+05:30,83.02953293548693,84.37232516465998,79.37414365496998,81.72403717041016,378551,0.0,0.0
2009-07-22 00:00:00+05:30,82.43274042107028,82.80573924650498,78.3297533412885,80.30664825439453,253815,0.0,0.0
2009-07-23 00:00:00+05:30,81.23912736659918,81.23912736659918,79.26223289032686,80.94072723388672,139096,0.0,0.0
2009-07-24 00:00:00+05:30,80.56773970010988,83.17873126446528,79.82174211029404,82.39543151855469,269539,0.0,0.0
2009-07-27 00:00:00+05:30,82.35812334801734,85.23021252228259,81.35102788321123,82.47002410888672,382711,0.0,0.0
2009-07-28 00:00:00+05:30,81.38833413622238,82.76842850899163,78.18054798485461,81.4256362915039,188684,0.0,0.0
2009-07-29 00:00:00+05:30,79.4487335166211,82.02242260745726,70.86976229182164,72.8466567993164,1074138,0.0,0.0
2009-07-30 00:00:00+05:30,74.59975169577659,75.30844706028272,72.3617591449033,73.81645202636719,861321,0.0,0.0
2009-07-31 00:00:00+05:30,74.15215809941478,77.21074693637001,73.85375793913653,74.7862548828125,395493,0.0,0.0
2009-08-03 00:00:00+05:30,75.71875231873756,76.31555264317385,74.11485642688599,76.09175109863281,236006,0.0,0.0
2009-08-04 00:00:00+05:30,77.21073890557405,79.44873133761966,75.1219436923945,78.74003601074219,553183,0.0,0.0
2009-08-05 00:00:00+05:30,79.82171747826541,80.56771483787537,78.03132267689989,79.0011215209961,275986,0.0,0.0
2009-08-06 00:00:00+05:30,79.59791841942688,81.6121147666588,78.44162589169977,79.3741226196289,503558,0.0,0.0
2009-08-07 00:00:00+05:30,78.4416420349739,79.44873757009574,76.98694342512277,78.14324188232422,291926,0.0,0.0
2009-08-10 00:00:00+05:30,78.14324304489863,79.59793598488238,75.23385147342148,78.32974243164062,123957,0.0,0.0
2009-08-11 00:00:00+05:30,80.56774148388946,80.56774148388946,76.46475464906176,77.73294830322266,96389,0.0,0.0
2009-08-12 00:00:00+05:30,78.18054730648875,78.32974454330065,75.42035289339039,77.80754852294922,101171,0.0,0.0
2009-08-13 00:00:00+05:30,80.8661326301437,80.8661326301437,78.14324053293754,78.96383666992188,212493,0.0,0.0
2009-08-14 00:00:00+05:30,80.49313737364349,94.77899169921875,79.97093566990786,94.77899169921875,5946812,0.0,0.0
2009-08-17 00:00:00+05:30,93.9956898458997,108.3188403077187,93.24969230744018,97.24078369140625,12034603,0.0,0.0
2009-08-18 00:00:00+05:30,98.4716963127478,101.75408163663077,95.89800652663256,99.96369171142578,5663151,0.0,0.0
2009-08-19 00:00:00+05:30,100.33667125629381,101.04536665770837,94.25679003814955,98.09867858886719,1801619,0.0,0.0
2009-08-20 00:00:00+05:30,99.10576911520528,100.2247653277984,95.11467807041586,95.9352798461914,1265725,0.0,0.0
2009-08-21 00:00:00+05:30,96.23368189090456,98.06137357269391,94.33138590250381,96.42018127441406,834273,0.0,0.0
2009-08-24 00:00:00+05:30,98.09867765222701,100.26206599020912,95.48768623182553,98.807373046875,1024518,0.0,0.0
2009-08-25 00:00:00+05:30,98.47166457340174,102.8730450276421,97.42727268416373,101.38105010986328,2130553,0.0,0.0
2009-08-26 00:00:00+05:30,102.53735141434422,106.82683692706121,98.58356249123622,99.66526794433594,2019330,0.0,0.0
2009-08-27 00:00:00+05:30,99.18035285962364,100.52315046714249,97.2034642867605,97.7629623413086,438270,0.0,0.0
2009-08-28 00:00:00+05:30,97.72567715946013,98.62087192553841,94.8535877858237,95.4130859375,415486,0.0,0.0
2009-08-31 00:00:00+05:30,95.04009871741557,96.75588984279172,93.2497032762103,94.44329833984375,435709,0.0,0.0
2009-09-01 00:00:00+05:30,94.44329399080593,98.7700766086711,93.36159975921713,94.10759735107422,871077,0.0,0.0
2009-09-02 00:00:00+05:30,93.62267828369141,94.66707583312598,92.54098427733594,93.24967956542969,339990,0.0,0.0
2009-09-03 00:00:00+05:30,93.99568661422897,97.50187264783854,93.24968910141763,93.73458862304688,565039,0.0,0.0
2009-09-04 00:00:00+05:30,94.51787293091603,94.74167443847657,92.72748363646679,93.24967956542969,246888,0.0,0.0
2009-09-07 00:00:00+05:30,94.3686972836389,99.14307741513669,93.88379770079645,95.97258758544922,953383,0.0,0.0
2009-09-08 00:00:00+05:30,96.53206773943943,98.2105620412822,93.99568090319532,94.70437622070312,589676,0.0,0.0
2009-09-09 00:00:00+05:30,94.66709065033912,96.90507761868851,93.99569171407948,94.36869049072266,409856,0.0,0.0
2009-09-10 00:00:00+05:30,95.74877627784471,96.53206448589007,88.77369563873691,89.59429168701172,761199,0.0,0.0
2009-09-11 00:00:00+05:30,89.59430247389082,91.0116989232932,86.53571373034434,87.8412094116211,323393,0.0,0.0
2009-09-14 00:00:00+05:30,87.8412126775948,89.6316079596439,85.97621877785818,87.5055160522461,280321,0.0,0.0
2009-09-15 00:00:00+05:30,88.32610734600807,95.04008501382357,87.80390566805012,94.03298950195312,1523487,0.0,0.0
2009-09-16 00:00:00+05:30,96.53206807390988,96.60667237412414,91.12359210740809,91.68309020996094,1027180,0.0,0.0
2009-09-17 00:00:00+05:30,92.20528540307257,93.84648323861731,90.30299528496417,91.38468933105469,715989,0.0,0.0
2009-09-18 00:00:00+05:30,91.38468965632694,93.84648357265199,91.01169092303581,91.79499053955078,559322,0.0,0.0
2009-09-22 00:00:00+05:30,92.27988518338549,96.23367406902663,92.20528657434697,95.00277709960938,825685,0.0,0.0
2009-09-23 00:00:00+05:30,95.78607195407638,96.00987347485591,90.48949667172441,91.3473892211914,698473,0.0,0.0
2009-09-24 00:00:00+05:30,90.19110457606295,93.32429199704883,90.19110457606295,92.65289306640625,328960,0.0,0.0
2009-09-25 00:00:00+05:30,92.27988815589119,93.17508856771664,89.51969969199179,90.8251953125,343347,0.0,0.0
2009-09-29 00:00:00+05:30,92.42908949041555,94.74168055462827,91.27279111255461,93.17508697509766,702204,0.0,0.0
2009-09-30 00:00:00+05:30,93.17508067830441,93.7718752108131,91.57118505632768,91.83228302001953,308270,0.0,0.0
2009-10-01 00:00:00+05:30,91.83228530611696,95.26387245087227,91.42199012196113,93.2123794555664,827405,0.0,0.0
2009-10-05 00:00:00+05:30,93.21239407000607,95.48768893450242,92.13069987039881,92.4291000366211,692447,0.0,0.0
2009-10-06 00:00:00+05:30,93.17509692096861,94.14489033966939,91.90689764673104,93.548095703125,456505,0.0,0.0
2009-10-07 00:00:00+05:30,94.07028500305678,100.26206092973149,94.07028500305678,97.65106964111328,2187915,0.0,0.0
2009-10-08 00:00:00+05:30,98.77004373615893,98.77004373615893,93.24966794690839,93.80916595458984,727123,0.0,0.0
2009-10-09 00:00:00+05:30,93.80918142271929,95.97256952260065,91.42199180625965,91.79499053955078,688353,0.0,0.0
2009-10-12 00:00:00+05:30,92.42909935665583,93.99569310341073,89.66890495379269,93.548095703125,281107,0.0,0.0
2009-10-13 00:00:00+05:30,93.7718734741211,93.7718734741211,93.7718734741211,93.7718734741211,0,0.0,0.0
2009-10-14 00:00:00+05:30,94.66707368079462,96.2709692711559,94.29407497101332,95.3011703491211,500908,0.0,0.0
2009-10-15 00:00:00+05:30,96.15907556458986,96.45748140174882,93.92108870099148,94.51788330078125,256266,0.0,0.0
2009-10-16 00:00:00+05:30,94.96548251686934,94.96548251686934,92.57828713991475,93.06318664550781,301763,0.0,0.0
2009-10-20 00:00:00+05:30,95.48771033653846,102.94768770658052,95.48771033653846,96.97970581054688,1590232,0.0,0.0
2009-10-21 00:00:00+05:30,97.72565296431638,113.31699304434817,96.6439590821543,108.39341735839844,5547198,0.0,0.0
2009-10-22 00:00:00+05:30,108.39343789405193,115.1447174751147,104.81264765486222,108.02043914794922,4333874,0.0,0.0
2009-10-23 00:00:00+05:30,109.66162616470884,113.80191432712283,109.06482592258304,110.81792449951172,1820512,0.0,0.0
2009-10-26 00:00:00+05:30,110.40762906823939,111.3028237840809,103.91745314961548,104.55154418945312,583196,0.0,0.0
2009-10-27 00:00:00+05:30,103.76825472924423,108.54263408061375,100.18746452420795,100.97076416015625,866465,0.0,0.0
2009-10-28 00:00:00+05:30,100.67235891195902,104.96184447575477,99.62796698006827,103.24604797363281,533444,0.0,0.0
2009-10-29 00:00:00+05:30,100.26204734285064,108.91562185137197,99.21765552214022,104.14124298095703,733266,0.0,0.0
2009-10-30 00:00:00+05:30,107.42364621690992,108.76644407122512,100.70966832835305,101.865966796875,459211,0.0,0.0
2009-11-03 00:00:00+05:30,99.70255348879498,106.49113475866656,99.70255348879498,101.00804901123047,576681,0.0,0.0
2009-11-04 00:00:00+05:30,102.20166677396539,103.24605881552803,98.4716789354995,100.07556915283203,426046,0.0,0.0
2009-11-05 00:00:00+05:30,99.03116927779207,105.48404317470064,99.03116927779207,103.5444564819336,447120,0.0,0.0
2009-11-06 00:00:00+05:30,104.43964568952991,106.67763809716268,104.43964568952991,105.44674682617188,348674,0.0,0.0
2009-11-09 00:00:00+05:30,106.67765661788313,110.0719479686925,103.6936662229773,108.9156494140625,714046,0.0,0.0
2009-11-10 00:00:00+05:30,111.07902506422882,111.07902506422882,106.04354185457336,107.27444458007812,272569,0.0,0.0
2009-11-11 00:00:00+05:30,106.67766654617795,108.02046462546132,104.25317412467389,105.55867004394531,406668,0.0,0.0
2009-11-12 00:00:00+05:30,104.4396419656119,107.0133308660181,100.82154981573902,102.46275329589844,737413,0.0,0.0
2009-11-13 00:00:00+05:30,102.87303079208984,105.70782302019511,101.53024465831771,103.09683227539062,593168,0.0,0.0
2009-11-16 00:00:00+05:30,104.32776111557388,105.14835158442953,103.39526418527028,104.70075988769531,348741,0.0,0.0
2009-11-17 00:00:00+05:30,105.40945890465589,108.16964763671294,104.88726288232395,106.64035034179688,714027,0.0,0.0
2009-11-18 00:00:00+05:30,107.42364004533138,111.11632539528595,106.90144407171472,108.20693969726562,733438,0.0,0.0
2009-11-19 00:00:00+05:30,109.28860336152611,110.7805979466664,105.96891768619204,107.57280731201172,463979,0.0,0.0
2009-11-20 00:00:00+05:30,108.16960888761504,112.5336976614595,104.51422665772252,109.77349853515625,943480,0.0,0.0
2009-11-23 00:00:00+05:30,110.48224783312573,119.2104173753944,107.90854703652943,118.12872314453125,1970578,0.0,0.0
2009-11-24 00:00:00+05:30,118.91197227899612,121.14996431473392,114.99548621645494,115.7787857055664,1203388,0.0,0.0
2009-11-25 00:00:00+05:30,116.673983947254,120.85157376646174,114.54789827561689,118.35247802734375,545564,0.0,0.0
2009-11-26 00:00:00+05:30,119.28500119234945,120.85160056773135,114.17492491173519,115.59231567382812,398921,0.0,0.0
2009-11-27 00:00:00+05:30,115.10743983599494,118.53902220108328,109.32595804023812,117.6811294555664,609071,0.0,0.0
2009-11-30 00:00:00+05:30,118.87468640018265,123.53716999945219,115.62959326188442,121.11267852783203,1256916,0.0,0.0
2009-12-01 00:00:00+05:30,121.59760541655842,124.20859694390784,119.7326114684517,122.38090515136719,767559,0.0,0.0
2009-12-02 00:00:00+05:30,123.08963369069797,129.39331265461703,119.39694695658159,128.4608154296875,1263880,0.0,0.0
2009-12-03 00:00:00+05:30,130.5495911939943,133.7946855854534,128.49809761808868,130.064697265625,1008293,0.0,0.0
2009-12-04 00:00:00+05:30,130.06466755709687,131.29555886827964,122.26898464287805,124.99188232421875,545294,0.0,0.0
2009-12-07 00:00:00+05:30,125.32758703817248,130.47496552403263,124.3577879571066,126.78227996826172,346572,0.0,0.0
2009-12-08 00:00:00+05:30,126.1108646493207,130.51224482252042,126.07356250215452,130.10194396972656,571563,0.0,0.0
2009-12-09 00:00:00+05:30,128.34884327206004,129.43053712706634,126.0735491324162,128.68453979492188,456970,0.0,0.0
2009-12-10 00:00:00+05:30,129.05758666992188,131.29557950234826,126.89419815178445,129.05758666992188,525812,0.0,0.0
2009-12-11 00:00:00+05:30,129.80359162936244,130.10198613737103,126.52120650918461,127.7520980834961,334966,0.0,0.0
2009-12-14 00:00:00+05:30,127.56558284467901,132.6010663780216,126.33469142306971,131.70587158203125,623455,0.0,0.0
2009-12-15 00:00:00+05:30,132.04157132104712,143.45533654235172,129.05758100870705,141.32923889160156,2337845,0.0,0.0
2009-12-16 00:00:00+05:30,141.5903397188281,142.7839289896885,135.88345153267807,136.81594848632812,848304,0.0,0.0
2009-12-17 00:00:00+05:30,137.86035843333187,141.36654486850614,135.80886503814247,136.62945556640625,543442,0.0,0.0
2009-12-18 00:00:00+05:30,136.5175859307566,145.39495445173358,135.77158819343006,136.92788696289062,1992522,0.0,0.0
2009-12-21 00:00:00+05:30,136.5175616429325,140.24754966596342,131.85507661414383,132.60107421875,439095,0.0,0.0
2009-12-22 00:00:00+05:30,134.2049262225726,137.63651877782814,132.75023358526394,134.54063415527344,389917,0.0,0.0
2009-12-23 00:00:00+05:30,135.771572742163,137.18896372857063,134.27957743730406,135.62237548828125,377315,0.0,0.0
2009-12-24 00:00:00+05:30,136.96516038427146,139.6507448452648,135.5104559953362,136.48025512695312,339414,0.0,0.0
2009-12-29 00:00:00+05:30,137.26355115353073,138.75554627476475,133.98116644002363,135.0255584716797,176152,0.0,0.0
2009-12-30 00:00:00+05:30,135.3985567000166,136.8905518151683,133.533562806077,134.2049560546875,210734,0.0,0.0
2009-12-31 00:00:00+05:30,135.02553932432858,136.5175342339897,133.16054568725224,134.0557403564453,155192,0.0,0.0
2010-01-04 00:00:00+05:30,135.32393701035514,135.77154004723457,132.15344775101036,133.7200469970703,222777,0.0,0.0
2010-01-05 00:00:00+05:30,134.20494080648925,135.95803942081537,132.63835294338534,133.2351531982422,459899,0.0,0.0
2010-01-06 00:00:00+05:30,134.13036691288622,135.3985605199401,131.29557383751768,131.85507202148438,252438,0.0,0.0
2010-01-07 00:00:00+05:30,132.78753018243782,133.90652622330106,129.05754337956034,129.91543579101562,272994,0.0,0.0
2010-01-08 00:00:00+05:30,131.29558859836138,132.7129796038853,129.91548836954522,131.03448486328125,180602,0.0,0.0
2010-01-11 00:00:00+05:30,131.89235631428224,134.5779404037906,131.07175453572742,133.49624633789062,260865,0.0,0.0
2010-01-12 00:00:00+05:30,135.02553730025562,140.4340187667023,134.018436198124,138.0468292236328,1057196,0.0,0.0
2010-01-13 00:00:00+05:30,137.263545474776,138.68093622810144,132.1161670726795,134.98825073242188,653824,0.0,0.0
2010-01-14 00:00:00+05:30,135.77158928948478,138.75558026288004,135.77158928948478,138.00958251953125,284235,0.0,0.0
2010-01-15 00:00:00+05:30,139.3523351105436,140.54592427931019,134.27954983998492,139.31503295898438,884563,0.0,0.0
2010-01-18 00:00:00+05:30,139.5015234868837,148.90109593278993,139.38962842232058,147.52099609375,1260657,0.0,0.0
2010-01-19 00:00:00+05:30,149.12491741605683,149.19952173012996,141.77684780066002,145.99172973632812,457396,0.0,0.0
2010-01-20 00:00:00+05:30,147.6702179059528,152.18350551776496,144.7235297570902,148.5281219482422,804593,0.0,0.0
2010-01-21 00:00:00+05:30,147.6328965921757,150.31849207071588,141.7395210592358,143.1942138671875,370531,0.0,0.0
2010-01-22 00:00:00+05:30,141.88874663702092,141.88874663702092,135.286674455868,139.01666259765625,257692,0.0,0.0
2010-01-25 00:00:00+05:30,138.00955963134766,144.7235382080078,135.32396364747547,141.7395477294922,423406,0.0,0.0
2010-01-27 00:00:00+05:30,138.7555363407838,142.8212204784665,128.75917429739715,130.69876098632812,323605,0.0,0.0
2010-01-28 00:00:00+05:30,130.6987758150295,134.65256532842378,127.64019251826784,129.39328002929688,284902,0.0,0.0
2010-01-29 00:00:00+05:30,127.8639611251219,128.68456289096716,124.58157682777689,126.67037200927734,266562,0.0,0.0
2010-02-01 00:00:00+05:30,126.0362745539989,128.31156919126158,125.10377768487635,125.88707733154297,331163,0.0,0.0
2010-02-02 00:00:00+05:30,127.56559708353291,128.982988053475,123.91021318230077,125.36490631103516,254800,0.0,0.0
2010-02-03 00:00:00+05:30,126.8195748201691,127.56557231911127,125.02918537591528,126.70767974853516,193114,0.0,0.0
2010-02-04 00:00:00+05:30,135.77155475765733,135.77155475765733,121.97060001580753,123.42529296875,350158,0.0,0.0
2010-02-05 00:00:00+05:30,120.85160636232877,125.06648808039968,117.1216185116396,122.26899719238281,251885,0.0,0.0
2010-02-08 00:00:00+05:30,123.72368290264153,125.25296858438728,117.49459957814842,118.1659927368164,264005,0.0,0.0
2010-02-09 00:00:00+05:30,118.46439769442854,120.51589068812513,117.12160000376903,118.3897933959961,157282,0.0,0.0
2010-02-10 00:00:00+05:30,120.70241952566349,129.99008779758094,119.35962150710445,127.60289764404297,883724,0.0,0.0
2010-02-11 00:00:00+05:30,129.05757414382157,130.88526583630656,125.70058522100541,127.4163818359375,384841,0.0,0.0
2010-02-15 00:00:00+05:30,128.31159312013727,129.0202885962316,125.32760258245968,127.60289764404297,167120,0.0,0.0
2010-02-16 00:00:00+05:30,129.76625485788713,129.76625485788713,123.9101816732928,127.19256591796875,94737,0.0,0.0
2010-02-17 00:00:00+05:30,128.31159632327783,128.83379240380327,126.44660219067204,127.7520980834961,107865,0.0,0.0
2010-02-18 00:00:00+05:30,128.3115507686893,132.7129308058039,126.8941602843349,130.66143798828125,270095,0.0,0.0
2010-02-19 00:00:00+05:30,130.2511596761899,132.4145477338456,127.60286644490942,130.73605346679688,182385,0.0,0.0
2010-02-22 00:00:00+05:30,132.33998375463784,135.39857879297693,131.07178997643183,133.53358459472656,364790,0.0,0.0
2010-02-23 00:00:00+05:30,133.53354937403262,151.9596849160804,130.54955944388664,132.3026580810547,338344,0.0,0.0
2010-02-24 00:00:00+05:30,132.00426449175848,133.27245805299705,126.2227834663004,128.27427673339844,210516,0.0,0.0
2010-02-25 00:00:00+05:30,128.27425280977394,130.36304784149138,123.83557048176006,124.54426574707031,226403,0.0,0.0
2010-02-26 00:00:00+05:30,125.06646298264393,129.87815545086053,124.02207114724247,128.1996612548828,261297,0.0,0.0
2010-03-02 00:00:00+05:30,130.28847255316975,133.38436933426394,126.81958836578413,131.85507202148438,146637,0.0,0.0
2010-03-03 00:00:00+05:30,133.68275485187374,134.61525176264718,130.4003702791589,132.15345764160156,153553,0.0,0.0
2010-03-04 00:00:00+05:30,132.15342052530835,132.3772219976414,129.24403553402573,130.3257293701172,152316,0.0,0.0
2010-03-05 00:00:00+05:30,130.7733829469046,133.5335718196452,130.1765825839558,130.58688354492188,121484,0.0,0.0
2010-03-08 00:00:00+05:30,136.06991987374118,136.442918570087,129.20674613758183,129.95274353027344,198551,0.0,0.0
2010-03-09 00:00:00+05:30,130.54952992429892,130.54952992429892,128.3115379827395,129.02023315429688,129824,0.0,0.0
2010-03-10 00:00:00+05:30,129.0202891834212,130.0273905476791,127.1925972473797,129.31869506835938,93725,0.0,0.0
2010-03-11 00:00:00+05:30,131.1463691665599,131.1463691665599,117.94221504980636,128.9456787109375,178599,0.0,0.0
2010-03-12 00:00:00+05:30,129.80356245857098,129.80356245857098,127.67746507199053,128.75917053222656,134748,0.0,0.0
2010-03-15 00:00:00+05:30,129.43053861376856,129.7289329968475,125.43944828774565,127.26715087890625,71971,0.0,0.0
2010-03-16 00:00:00+05:30,126.37196715357649,129.0575626049208,125.70057398224945,128.38616943359375,125046,0.0,0.0
2010-03-17 00:00:00+05:30,130.13927818056453,130.13927818056453,126.67039391677145,127.37908935546875,97162,0.0,0.0
2010-03-18 00:00:00+05:30,129.02029274108645,129.0575949006099,126.8196019254548,127.5282974243164,96507,0.0,0.0
2010-03-19 00:00:00+05:30,126.07357240044007,129.2440616471967,126.07357240044007,127.97586822509766,149715,0.0,0.0
2010-03-22 00:00:00+05:30,125.40218351280662,129.65436695940173,121.82139325877237,125.88707733154297,155022,0.0,0.0
2010-03-23 00:00:00+05:30,126.22276929562688,129.6543622012706,126.22276929562688,128.0504608154297,303652,0.0,0.0
2010-03-25 00:00:00+05:30,127.93856866294377,128.64726399700947,125.70057620819838,127.3044662475586,83564,0.0,0.0
2010-03-26 00:00:00+05:30,128.9829815459001,129.43058466278347,125.7752009459763,126.44659423828125,101542,0.0,0.0
2010-03-29 00:00:00+05:30,127.0806934323053,137.4873574889177,126.8195897237837,132.45187377929688,454308,0.0,0.0
2010-03-30 00:00:00+05:30,132.7875359093135,132.7875359093135,127.56555416007083,127.93855285644531,100184,0.0,0.0
2010-03-31 00:00:00+05:30,128.31159714711433,133.16058192302273,126.14820849260971,126.63310241699219,90526,0.0,0.0
2010-04-01 00:00:00+05:30,127.49095459905618,129.35594815014252,127.19256018408927,128.1996612548828,39883,0.0,0.0
2010-04-05 00:00:00+05:30,130.54955427623244,130.54955427623244,127.00606637444899,128.72186279296875,71262,0.0,0.0
2010-04-06 00:00:00+05:30,128.31156040949492,130.32575123234278,128.0131659850055,128.60995483398438,115765,0.0,0.0
2010-04-07 00:00:00+05:30,129.7289283258542,132.78752186585834,127.71473785505388,129.02023315429688,121743,0.0,0.0
2010-04-08 00:00:00+05:30,129.02025722096445,130.92255300273598,128.01316748921562,128.72186279296875,146909,0.0,0.0
2010-04-09 00:00:00+05:30,129.0202926454506,129.7289881437869,125.7379075041979,126.63310241699219,96253,0.0,0.0
2010-04-12 00:00:00+05:30,126.11087358492401,131.07175216806897,120.18019602182841,126.74496459960938,380226,0.0,0.0
2010-04-13 00:00:00+05:30,129.72896879117164,131.96696143081016,126.07358536630306,128.49807739257812,407088,0.0,0.0
2010-04-15 00:00:00+05:30,129.05758332305828,135.92075888791172,129.05758332305828,135.0628662109375,805108,0.0,0.0
2010-04-16 00:00:00+05:30,136.36834446596873,137.59923578044436,132.93675143316025,133.64544677734375,387881,0.0,0.0
2010-04-19 00:00:00+05:30,132.56377889622843,132.56377889622843,128.1250951965897,129.0948944091797,134456,0.0,0.0
2010-04-20 00:00:00+05:30,130.88526683846402,132.9740622385913,129.80357267610034,130.51226806640625,169239,0.0,0.0
2010-04-21 00:00:00+05:30,131.78043407056632,132.6010357507821,130.25114853119015,130.66143798828125,168530,0.0,0.0
2010-04-22 00:00:00+05:30,131.29555630362626,132.97405063137148,129.2440632363821,130.99716186523438,150137,0.0,0.0
2010-04-23 00:00:00+05:30,131.29556647923096,134.2795566264862,130.6614640197316,132.75025939941406,179575,0.0,0.0
2010-04-26 00:00:00+05:30,133.90655990161773,138.7555439649075,133.90655990161773,137.9722442626953,360188,0.0,0.0
2010-04-27 00:00:00+05:30,138.00954517485405,140.99353534079685,134.27955746742558,139.725341796875,427993,0.0,0.0
2010-04-28 00:00:00+05:30,138.0095294446105,142.11251545512596,133.3843474911785,138.41983032226562,378577,0.0,0.0
2010-04-29 00:00:00+05:30,137.67384997848103,142.03792881139492,137.26354904982605,140.3221435546875,179890,0.0,0.0
2010-04-30 00:00:00+05:30,140.24751924393397,141.66490983202198,134.2795397016389,139.5761260986328,227985,0.0,0.0
2010-05-03 00:00:00+05:30,139.91183035443248,145.32031211163994,138.0095344942593,142.9704132080078,355425,0.0,0.0
2010-05-04 00:00:00+05:30,143.97751882518673,145.0592129335391,139.50153378398923,140.396728515625,311825,0.0,0.0
2010-05-05 00:00:00+05:30,138.00955602906947,143.2315392301694,136.33106142871594,140.76974487304688,332414,0.0,0.0
2010-05-06 00:00:00+05:30,141.7395245836433,146.51390401641126,141.7395245836433,145.6933135986328,420043,0.0,0.0
2010-05-07 00:00:00+05:30,142.48552665402588,147.70750930626767,140.43403346921662,146.43931579589844,321886,0.0,0.0
2010-05-10 00:00:00+05:30,147.70746867844989,149.1248590267035,143.60448343738184,144.94728088378906,239289,0.0,0.0
2010-05-11 00:00:00+05:30,145.69330088153882,146.84959917881642,141.73951221166263,145.0218963623047,84483,0.0,0.0
2010-05-12 00:00:00+05:30,144.72354079222623,146.10364096639123,142.5974429851116,143.90293884277344,65308,0.0,0.0
2010-05-13 00:00:00+05:30,143.3807176565393,150.54229823138135,143.3807176565393,145.46951293945312,261631,0.0,0.0
2010-05-14 00:00:00+05:30,146.14088435702573,147.70748343147537,142.5601059863125,143.6417999267578,261576,0.0,0.0
2010-05-17 00:00:00+05:30,140.65784431949956,144.72352880573723,135.54775640382113,143.08233642578125,46205,0.0,0.0
2010-05-18 00:00:00+05:30,143.2315105935274,145.28300358379926,140.62051951499953,141.14271545410156,27290,0.0,0.0
2010-05-19 00:00:00+05:30,138.75553421872942,144.57431696257015,137.71114227781734,138.4944305419922,129590,0.0,0.0
2010-05-20 00:00:00+05:30,140.95625108613444,142.48554851697838,136.92786840378412,137.26356506347656,79731,0.0,0.0
2010-05-21 00:00:00+05:30,134.27951799124747,140.50860018460332,132.4145246858135,137.41270446777344,112439,0.0,0.0
2010-05-24 00:00:00+05:30,138.7555301301733,141.8141243260349,137.26353518253703,138.56903076171875,73299,0.0,0.0
2010-05-25 00:00:00+05:30,136.14451929627845,140.62050349232047,134.35413017106822,138.3079071044922,115981,0.0,0.0
2010-05-26 00:00:00+05:30,138.75551971451267,140.80701261351754,136.1445287521428,137.3008270263672,86517,0.0,0.0
2010-05-27 00:00:00+05:30,137.97225898291347,140.09835677531942,136.51756588532962,139.50155639648438,44189,0.0,0.0
2010-05-28 00:00:00+05:30,140.39674143630182,140.99354177332194,135.77155874468036,137.18894958496094,70740,0.0,0.0
2010-05-31 00:00:00+05:30,137.86033524764179,138.6063327204288,133.08594459199412,133.7200469970703,80138,0.0,0.0
2010-06-01 00:00:00+05:30,134.09301810817388,136.06990645058184,129.24403553402573,130.3257293701172,77709,0.0,0.0
2010-06-02 00:00:00+05:30,130.69873530538783,132.78753019174894,130.02734223402936,131.44473266601562,65687,0.0,0.0
2010-06-03 00:00:00+05:30,133.08595509160122,134.57795015488384,131.7058664878762,133.45895385742188,50278,0.0,0.0
2010-06-04 00:00:00+05:30,133.5335973249163,133.5335973249163,129.05761082240514,130.5496063232422,66854,0.0,0.0
2010-06-07 00:00:00+05:30,129.02026131941685,129.0575634698557,127.71476573518419,128.16236877441406,41280,0.0,0.0
2010-06-08 00:00:00+05:30,128.16237168134714,129.28136792178435,126.89417821878862,127.9012680053711,38703,0.0,0.0
2010-06-09 00:00:00+05:30,128.38616502670737,128.72186160084803,124.58157349839948,125.06646728515625,95482,0.0,0.0
2010-06-10 00:00:00+05:30,125.25298262443084,125.70058570239479,122.04520230342598,123.46259307861328,112299,0.0,0.0
2010-06-11 00:00:00+05:30,126.37199324645472,128.31159162657625,124.65620781367846,127.4909896850586,96242,0.0,0.0
2010-06-14 00:00:00+05:30,127.56557000238871,130.77336146618694,127.56557000238871,128.75917053222656,39738,0.0,0.0
2010-06-15 00:00:00+05:30,130.40031388807458,132.07880760160896,129.28131807905166,131.59390258789062,101833,0.0,0.0
2010-06-16 00:00:00+05:30,132.78758283920476,135.1001801272532,131.81778360928055,133.60818481445312,125324,0.0,0.0
2010-06-17 00:00:00+05:30,134.65252353384608,135.02552221399523,132.04153277280196,132.4891357421875,66519,0.0,0.0
2010-06-18 00:00:00+05:30,133.5335389396629,133.5335389396629,131.44474387517644,132.00424194335938,65575,0.0,0.0
2010-06-21 00:00:00+05:30,134.27955071249522,136.51754322437014,133.38435598434896,133.75735473632812,92009,0.0,0.0
2010-06-22 00:00:00+05:30,133.90653906992506,135.0255352181417,131.96694119314256,134.13034057617188,68324,0.0,0.0
2010-06-23 00:00:00+05:30,136.44293801347246,136.5175423165796,133.7946559984454,134.46604919433594,119032,0.0,0.0
2010-06-24 00:00:00+05:30,135.39857879297693,135.77157763262701,132.52648317446287,133.53358459472656,133131,0.0,0.0
2010-06-25 00:00:00+05:30,133.60817044594046,137.1889497051591,132.1161752935928,133.38436889648438,213651,0.0,0.0
2010-06-28 00:00:00+05:30,133.4216729037964,136.44295402282023,133.4216729037964,135.2866668701172,234861,0.0,0.0
2010-06-29 00:00:00+05:30,137.7308760779639,137.7308760779639,133.5019585889294,134.0451202392578,177432,7.0,0.0
2010-06-30 00:00:00+05:30,134.04514429868584,134.04514429868584,130.98014915595652,132.60963439941406,76854,0.0,0.0
2010-07-01 00:00:00+05:30,132.60962132097063,134.62709257394363,130.3593749419166,133.77354431152344,107501,0.0,0.0
2010-07-02 00:00:00+05:30,133.46317954023954,135.3642515319621,131.5233077445965,131.8724822998047,208457,0.0,0.0
2010-07-05 00:00:00+05:30,132.6484322433758,132.68723204765465,130.35938587138,131.40692138671875,90697,0.0,0.0
2010-07-06 00:00:00+05:30,132.49322315538737,135.48062999475897,130.78613860719045,134.70468139648438,130061,0.0,0.0
2010-07-07 00:00:00+05:30,134.31673108742422,135.71342934175155,132.68723400399153,133.26919555664062,93168,0.0,0.0
2010-07-08 00:00:00+05:30,134.3943002275255,135.32543621468355,127.02278824913311,133.8899383544922,93192,0.0,0.0
2010-07-09 00:00:00+05:30,134.5106760898364,137.84724513999777,133.9287147196872,136.7221221923828,148173,0.0,0.0
2010-07-12 00:00:00+05:30,138.42920777798275,139.36035545077715,136.14016206910463,137.65325927734375,128193,0.0,0.0
2010-07-13 00:00:00+05:30,136.56700791706706,140.05877800585571,135.2090973269826,136.6446075439453,265696,0.0,0.0
2010-07-14 00:00:00+05:30,139.20515980345093,140.9898437681177,138.11883661106324,138.35162353515625,229519,0.0,0.0
2010-07-15 00:00:00+05:30,138.89477687079284,139.437938434683,135.13142203520746,135.98497009277344,50291,0.0,0.0
2010-07-16 00:00:00+05:30,135.98497966304507,143.16250355396184,135.28663072318605,141.33901977539062,510367,0.0,0.0
2010-07-19 00:00:00+05:30,143.16250472629395,145.64553767061292,140.21389792489987,141.57180786132812,493877,0.0,0.0
2010-07-20 00:00:00+05:30,146.42150331178553,148.05100016188365,142.46417242446162,143.82208251953125,982688,0.0,0.0
2010-07-21 00:00:00+05:30,145.1024057610991,154.8793640403753,145.1024057610991,152.8618927001953,955310,0.0,0.0
2010-07-22 00:00:00+05:30,153.63779914585405,155.1896961069233,149.75805674318096,150.45640563964844,325285,0.0,0.0
2010-07-23 00:00:00+05:30,151.30999216536077,151.30999216536077,146.26632575984874,147.39144897460938,143831,0.0,0.0
2010-07-26 00:00:00+05:30,147.895785272681,148.98210841049382,140.7570497726508,141.41661071777344,158538,0.0,0.0
2010-07-27 00:00:00+05:30,141.61059548003823,143.00730509113583,139.7483238919308,140.95103454589844,134742,0.0,0.0
2010-07-28 00:00:00+05:30,139.78716562565643,143.5505218812617,139.78716562565643,142.89096069335938,69868,0.0,0.0
2010-07-29 00:00:00+05:30,143.5504778183357,146.65427193332675,140.83465796771856,141.33901977539062,116492,0.0,0.0
2010-07-30 00:00:00+05:30,139.86475487997407,143.31772426905883,139.2439935443994,139.7483673095703,120680,0.0,0.0
2010-08-02 00:00:00+05:30,140.52428554236278,141.99858303457657,140.4466859522315,141.1062469482422,87464,0.0,0.0
2010-08-03 00:00:00+05:30,141.10624798858498,143.31769424321016,140.52428657841492,141.37782287597656,72131,0.0,0.0
2010-08-04 00:00:00+05:30,141.9598169124017,146.92589585788178,139.90355752656342,144.5592498779297,323731,0.0,0.0
2010-08-05 00:00:00+05:30,146.18874082519602,146.49912743147215,142.4253964644002,143.04615783691406,87040,0.0,0.0
2010-08-06 00:00:00+05:30,142.85214441870207,144.32644204769088,141.0674602404277,141.3002471923828,65085,0.0,0.0
2010-08-09 00:00:00+05:30,141.3002764264191,143.1625487472788,141.22267681303384,142.42539978027344,65584,0.0,0.0
2010-08-10 00:00:00+05:30,141.64944249982733,142.77456578611248,139.74837048644375,140.4855194091797,35840,0.0,0.0
2010-08-11 00:00:00+05:30,138.89481131365434,142.6969550437675,138.89481131365434,140.79588317871094,55542,0.0,0.0
2010-08-12 00:00:00+05:30,140.4467219425985,141.22267068261286,138.54564989757094,138.93362426757812,143188,0.0,0.0
2010-08-13 00:00:00+05:30,138.58446528149125,143.16255862620503,137.4205420406278,141.92103576660156,140766,0.0,0.0
2010-08-16 00:00:00+05:30,143.47287380117078,143.47287380117078,139.82591819662622,141.0286407470703,56225,0.0,0.0
2010-08-17 00:00:00+05:30,142.30900952006468,142.30900952006468,138.89483943205235,140.2915496826172,53249,0.0,0.0
2010-08-18 00:00:00+05:30,140.44670869044606,144.4040516271309,139.67076002364803,142.8133544921875,218039,0.0,0.0
2010-08-19 00:00:00+05:30,143.93846564054007,146.8094730993253,141.99859413595058,142.85214233398438,136923,0.0,0.0
2010-08-20 00:00:00+05:30,142.77451262600096,145.80070679890824,142.38653840690858,144.21002197265625,65548,0.0,0.0
2010-08-23 00:00:00+05:30,143.7444773426806,145.1023873850541,142.50295485363904,143.3177032470703,35897,0.0,0.0
2010-08-24 00:00:00+05:30,143.31770428669898,144.32643983635816,140.21390988161602,141.49423217773438,74645,0.0,0.0
2010-08-25 00:00:00+05:30,141.998594960223,143.27890542466957,139.7483487378514,140.40789794921875,81093,0.0,0.0
2010-08-26 00:00:00+05:30,139.9035360911122,141.92099536357455,139.67074914120295,140.40789794921875,54826,0.0,0.0
2010-08-27 00:00:00+05:30,140.05872677303145,143.74448274074282,139.67075246064078,142.50296020507812,69097,0.0,0.0
2010-08-30 00:00:00+05:30,144.9472054404024,144.9472054404024,138.27404253296066,140.4467010498047,33144,0.0,0.0
2010-08-31 00:00:00+05:30,139.67074382170725,142.34776404361617,139.01118279542382,140.5242919921875,74736,0.0,0.0
2010-09-01 00:00:00+05:30,141.8822218219378,141.95980958643383,138.9724142524972,140.13633728027344,60884,0.0,0.0
2010-09-02 00:00:00+05:30,142.65817933003845,142.65817933003845,139.67077197130368,140.05874633789062,31507,0.0,0.0
2010-09-03 00:00:00+05:30,139.90355468345456,141.18386531804674,139.5155803287251,139.7483673095703,42156,0.0,0.0
2010-09-06 00:00:00+05:30,146.49909710819668,146.49909710819668,140.71828244328853,141.26144409179688,73371,0.0,0.0
2010-09-07 00:00:00+05:30,142.11498044229972,142.73574168632467,140.4466956990164,141.26144409179688,41343,0.0,0.0
2010-09-08 00:00:00+05:30,141.92100970191012,143.16253233350014,140.44671193692966,140.83468627929688,54783,0.0,0.0
2010-09-09 00:00:00+05:30,148.9821497182377,148.9821497182377,140.44671405729702,141.9986114501953,129764,0.0,0.0
2010-09-13 00:00:00+05:30,146.65434457876503,146.65434457876503,142.77460001318923,144.1713104248047,127671,0.0,0.0
2010-09-14 00:00:00+05:30,144.9472245899957,145.0636121630453,139.94235766821836,140.4855194091797,71874,0.0,0.0
2010-09-15 00:00:00+05:30,141.45540815436829,143.55046665099766,140.48547256888858,140.95103454589844,94311,0.0,0.0
2010-09-16 00:00:00+05:30,142.3089690274073,148.86574419355236,139.748348110018,146.96466064453125,638673,0.0,0.0
2010-09-17 00:00:00+05:30,148.12857581525776,149.68047293994368,144.8695942214244,145.91712951660156,169446,0.0,0.0
2010-09-20 00:00:00+05:30,146.65428353527835,148.9821293056796,141.99859199447585,144.4428253173828,89202,0.0,0.0
2010-09-21 00:00:00+05:30,145.41278537675151,145.8783593447179,141.22266702520562,143.62811279296875,106471,0.0,0.0
2010-09-22 00:00:00+05:30,145.02479341742094,146.57669066892907,142.7745471387487,143.82208251953125,82717,0.0,0.0
2010-09-23 00:00:00+05:30,144.52043800063467,152.78428649794478,144.40405043758852,150.06846618652344,527728,0.0,0.0
2010-09-24 00:00:00+05:30,148.59417069810885,151.27119124868355,148.20619636208247,149.17613220214844,92029,0.0,0.0
2010-09-27 00:00:00+05:30,149.29250889681913,153.56022628237312,149.29250889681913,150.8444061279297,184704,0.0,0.0
2010-09-28 00:00:00+05:30,152.31871237964125,152.31871237964125,149.0985185891791,151.4651641845703,76006,0.0,0.0
2010-09-29 00:00:00+05:30,153.21104634019576,153.21104634019576,149.29250360259417,150.96080017089844,77697,0.0,0.0
2010-09-30 00:00:00+05:30,152.08592804849044,161.90167326050354,149.68048261374983,157.3623809814453,766118,0.0,0.0
2010-10-01 00:00:00+05:30,158.37112960253754,164.5011194105968,157.90555566064364,159.61264038085938,651051,0.0,0.0
2010-10-04 00:00:00+05:30,160.62138152700032,164.50112504214528,157.55638651804335,158.7978973388672,283335,0.0,0.0
2010-10-05 00:00:00+05:30,158.79786962943598,167.52729101527186,158.79786962943598,164.0355224609375,537264,0.0,0.0
2010-10-06 00:00:00+05:30,166.05300903320312,169.85515263486462,164.96668567273886,166.05300903320312,338146,0.0,0.0
2010-10-07 00:00:00+05:30,166.44099912859804,170.2819428943274,158.29353763279255,159.92303466796875,166176,0.0,0.0
2010-10-08 00:00:00+05:30,160.6213891699567,164.85030743468465,155.26734760030672,159.806640625,183043,0.0,0.0
2010-10-11 00:00:00+05:30,162.87159841008125,163.72514656420265,160.15577844337648,162.40603637695312,80874,0.0,0.0
2010-10-12 00:00:00+05:30,163.6087626319087,166.51856980340315,162.17325302462382,165.16065979003906,190889,0.0,0.0
2010-10-13 00:00:00+05:30,165.39345235218158,173.8125000598451,165.39345235218158,173.11415100097656,584436,0.0,0.0
2010-10-14 00:00:00+05:30,176.91628910901724,176.91628910901724,171.48464865391585,173.2693328857422,278782,0.0,0.0
2010-10-15 00:00:00+05:30,176.14031723278197,180.8736080265932,172.64854882948893,173.6184844970703,473922,0.0,0.0
2010-10-18 00:00:00+05:30,174.66604617503998,180.79603578539707,171.17427724356233,177.38186645507812,509659,0.0,0.0
2010-10-19 00:00:00+05:30,180.79604238708163,180.79604238708163,175.75237596855789,177.49826049804688,197202,0.0,0.0
2010-10-20 00:00:00+05:30,177.5370472340752,178.39058361498638,175.36438872260206,176.6059112548828,90154,0.0,0.0
2010-10-21 00:00:00+05:30,176.91629693404136,178.3130069094228,172.26060490946134,172.920166015625,60048,0.0,0.0
2010-10-22 00:00:00+05:30,173.03652511417778,181.9599333599762,173.03652511417778,179.98126220703125,281296,0.0,0.0
2010-10-25 00:00:00+05:30,179.24414280515302,180.75724034394236,172.95895384090556,174.31686401367188,138056,0.0,0.0
2010-10-26 00:00:00+05:30,174.58846886865868,175.5584048068179,169.3508148025989,170.0103759765625,102015,0.0,0.0
2010-10-27 00:00:00+05:30,170.049133572517,175.36438630037927,168.38084879284202,173.4245147705078,84789,0.0,0.0
2010-10-28 00:00:00+05:30,172.92016599941743,175.2092122099473,167.76010023530262,169.54478454589844,39478,0.0,0.0
2010-10-29 00:00:00+05:30,174.58843518679637,174.58843518679637,166.82894917849433,170.2431182861328,49386,0.0,0.0
2010-11-01 00:00:00+05:30,191.5041024878579,191.5041024878579,167.83767196251165,170.70867919921875,104341,0.0,0.0
2010-11-02 00:00:00+05:30,173.65730478184128,173.65730478184128,166.9453420662034,168.03167724609375,26216,0.0,0.0
2010-11-03 00:00:00+05:30,168.38084760825143,173.57970090372478,167.6436988000935,171.13546752929688,58527,0.0,0.0
2010-11-04 00:00:00+05:30,172.1054032874089,173.77368805534718,169.7387576696083,171.13546752929688,44608,0.0,0.0
2010-11-08 00:00:00+05:30,173.03653553543703,173.81248412528205,166.9065464116758,167.72128295898438,50965,0.0,0.0
2010-11-09 00:00:00+05:30,167.72128965556885,170.6310969836671,166.44097916722015,168.4584503173828,40703,0.0,0.0
2010-11-10 00:00:00+05:30,167.6436965698973,175.3643827337522,167.6436965698973,169.97154235839844,138314,0.0,0.0
2010-11-11 00:00:00+05:30,170.1655305300714,173.34691268945363,169.69995663355888,170.2431182861328,53861,0.0,0.0
2010-11-12 00:00:00+05:30,169.156826995388,170.55353710922913,162.98803681929778,165.04429626464844,49153,0.0,0.0
2010-11-15 00:00:00+05:30,165.58744162630873,165.58744162630873,159.88422599948245,162.09567260742188,48839,0.0,0.0
2010-11-16 00:00:00+05:30,160.66019214191945,165.4710720564438,159.45746920327878,160.54379272460938,119524,0.0,0.0
2010-11-18 00:00:00+05:30,164.8114727490823,164.8114727490823,154.49136616389902,159.76780700683594,42187,0.0,0.0
2010-11-19 00:00:00+05:30,159.76782894155255,161.39732591031583,157.94435664226123,159.14707946777344,35226,0.0,0.0
2010-11-22 00:00:00+05:30,159.53507208814176,162.1732931740973,151.31001037774627,160.5825958251953,49032,0.0,0.0
2010-11-23 00:00:00+05:30,166.05301116979211,166.05301116979211,154.41378141490014,158.37112426757812,60594,0.0,0.0
2010-11-24 00:00:00+05:30,157.5175803578321,161.31972411321317,154.41378567097823,157.983154296875,39493,0.0,0.0
2010-11-25 00:00:00+05:30,158.60389917140677,158.60389917140677,149.5253023431478,151.620361328125,26254,0.0,0.0
2010-11-26 00:00:00+05:30,150.5728399181408,155.03454471542636,139.67075887154863,145.99473571777344,49549,0.0,0.0
2010-11-29 00:00:00+05:30,146.0723203083746,148.98212748583228,144.36523579893992,147.3138427734375,34344,0.0,0.0
2010-11-30 00:00:00+05:30,147.35264390273952,165.66503677922077,145.21878511518514,162.483642578125,153981,0.0,0.0
2010-12-01 00:00:00+05:30,163.56998848758988,170.24314021007783,162.56125280859823,168.96282958984375,160678,0.0,0.0
2010-12-02 00:00:00+05:30,169.23443703358498,169.8551865979502,162.17329825856032,163.1432342529297,66903,0.0,0.0
2010-12-03 00:00:00+05:30,163.72513966628378,166.82893378318016,159.45742275555128,160.97052001953125,56468,0.0,0.0
2010-12-06 00:00:00+05:30,162.32845637317152,163.72516632116992,158.56511249777338,159.30226135253906,43952,0.0,0.0
2010-12-07 00:00:00+05:30,158.29354478237127,160.50500345284618,151.65918061098483,153.90943908691406,49552,0.0,0.0
2010-12-08 00:00:00+05:30,158.60386940179586,158.60386940179586,149.7968609898472,150.72799682617188,79926,0.0,0.0
2010-12-09 00:00:00+05:30,158.60391108298663,158.60391108298663,142.07621308464132,144.52044677734375,57356,0.0,0.0
2010-12-10 00:00:00+05:30,144.32644977883123,146.57669614151868,141.61062948729406,145.0635986328125,63410,0.0,0.0
2010-12-13 00:00:00+05:30,145.87832681441742,149.37009527540081,142.81333242222794,148.59414672851562,43349,0.0,0.0
2010-12-14 00:00:00+05:30,148.59415090433305,149.7580737573696,146.65427948260546,147.54661560058594,36840,0.0,0.0
2010-12-15 00:00:00+05:30,147.43022366467218,148.59414648307748,145.179977618436,146.5378875732422,20546,0.0,0.0
2010-12-16 00:00:00+05:30,146.65428076918587,150.53402364667755,146.65428076918587,149.13731384277344,213428,0.0,0.0
2010-12-20 00:00:00+05:30,152.39629795474818,152.82307204617652,148.9821289033931,150.96080017089844,202484,0.0,0.0
2010-12-21 00:00:00+05:30,150.53400571567227,157.51754206330654,150.53400571567227,156.97438049316406,120766,0.0,0.0
2010-12-22 00:00:00+05:30,156.78042592277353,158.9918724546391,153.01707026252913,154.76295471191406,33899,0.0,0.0
2010-12-23 00:00:00+05:30,155.11212490872666,157.3623830180999,152.20231757422053,154.45257568359375,31234,0.0,0.0
2010-12-24 00:00:00+05:30,154.37497416941366,160.46617551673125,153.05586389548264,158.7202911376953,101881,0.0,0.0
2010-12-27 00:00:00+05:30,160.38858797226433,160.38858797226433,155.96568291434264,156.66403198242188,31087,0.0,0.0
2010-12-28 00:00:00+05:30,157.51760238981007,159.53507395446354,155.18975604907396,156.04330444335938,34668,0.0,0.0
2010-12-29 00:00:00+05:30,156.3536770409182,158.17716138510318,154.95696688792958,155.57772827148438,60264,0.0,0.0
2010-12-30 00:00:00+05:30,155.88808560276394,157.4787827701467,153.75422672555317,154.41378784179688,67868,0.0,0.0
2010-12-31 00:00:00+05:30,155.1897366045013,157.5175826535688,153.3662524633835,153.71543884277344,26740,0.0,0.0
2011-01-03 00:00:00+05:30,154.02577474153503,157.28475602045233,153.17222666942214,155.84925842285156,31116,0.0,0.0
2011-01-04 00:00:00+05:30,156.74165177592178,163.6475911033009,155.96570300475386,160.5825958251953,230496,0.0,0.0
2011-01-05 00:00:00+05:30,159.84542520396386,164.65630456539614,157.0908050715192,163.1820068359375,141770,0.0,0.0
2011-01-06 00:00:00+05:30,161.70769392810524,165.82022414121738,160.27219602959073,162.483642578125,110124,0.0,0.0
2011-01-07 00:00:00+05:30,163.80277620454072,163.95796357738448,154.41379214702326,155.38372802734375,67063,0.0,0.0
2011-01-10 00:00:00+05:30,157.1683881129475,158.68148548427698,153.6378196864882,155.50009155273438,95907,0.0,0.0
2011-01-11 00:00:00+05:30,155.96568724688362,160.38859242766836,155.18973855411303,158.2935333251953,95193,0.0,0.0
2011-01-12 00:00:00+05:30,158.2935311812713,160.62137722805468,158.2935311812713,159.14707946777344,51247,0.0,0.0
2011-01-13 00:00:00+05:30,158.29348541969478,159.69019501199296,156.08202757855315,158.4874725341797,25912,0.0,0.0
2011-01-14 00:00:00+05:30,157.82792021660288,159.06944255303057,155.22849984475695,158.40988159179688,36770,0.0,0.0
2011-01-17 00:00:00+05:30,155.42251802140137,162.1732689543652,155.42251802140137,160.0006103515625,86745,0.0,0.0
2011-01-18 00:00:00+05:30,161.39731060747314,165.27705365092203,151.93073994946513,162.5612335205078,664063,0.0,0.0
2011-01-19 00:00:00+05:30,163.33720497181375,169.11802054698916,162.9492306132109,164.26834106445312,308978,0.0,0.0
2011-01-20 00:00:00+05:30,165.27705372949558,167.5660997582114,163.18199485304442,164.61749267578125,106517,0.0,0.0
2011-01-21 00:00:00+05:30,166.82896089589457,166.82896089589457,159.9230225994746,161.3585205078125,124414,0.0,0.0
2011-01-24 00:00:00+05:30,161.785304457377,164.1907501709358,157.51758659399297,162.17327880859375,85647,0.0,0.0
2011-01-25 00:00:00+05:30,162.71641498469555,164.50109908809236,157.51756186265447,158.64268493652344,75405,0.0,0.0
2011-01-27 00:00:00+05:30,159.0694448238078,159.84539333514346,151.30995971045132,153.0170440673828,98317,0.0,0.0
2011-01-28 00:00:00+05:30,152.47391417290868,154.33618625121943,143.78329140739663,145.761962890625,141641,0.0,0.0
2011-01-31 00:00:00+05:30,146.73187366320792,156.78040488910446,137.53687872736708,154.2197723388672,210110,0.0,0.0
2011-02-01 00:00:00+05:30,156.19844402679956,156.5088187078919,149.2149071419057,150.3788299560547,47144,0.0,0.0
2011-02-02 00:00:00+05:30,153.32746462126502,153.32746462126502,147.50784949404147,149.64170837402344,43385,0.0,0.0
2011-02-03 00:00:00+05:30,147.62420281173334,152.47388095929355,145.87831867861163,150.72799682617188,27371,0.0,0.0
2011-02-04 00:00:00+05:30,147.43024447308636,151.62036247472778,144.40404945412723,147.08106994628906,32676,0.0,0.0
2011-02-07 00:00:00+05:30,146.65428502857705,151.69795091580323,145.7231490789425,148.05099487304688,124956,0.0,0.0
2011-02-08 00:00:00+05:30,151.23240217547027,170.4759329755191,138.66203516448317,140.4855194091797,136820,0.0,0.0
2011-02-09 00:00:00+05:30,138.89479804066565,141.64941791171395,134.58828098480544,136.5281524658203,109639,0.0,0.0
2011-02-10 00:00:00+05:30,137.7308906225089,138.50683930207234,131.9888751297544,135.82981872558594,55981,0.0,0.0
2011-02-11 00:00:00+05:30,138.1188436246544,143.55048354247788,135.79099794558718,142.541748046875,58846,0.0,0.0
2011-02-14 00:00:00+05:30,156.78039982620106,156.78039982620106,142.8133265559833,151.23236083984375,44347,0.0,0.0
2011-02-15 00:00:00+05:30,154.1809931550457,155.03454139924034,148.2061909657933,148.63296508789062,31567,0.0,0.0
2011-02-16 00:00:00+05:30,151.3099613430858,153.6378069022102,147.4690185385375,150.10723876953125,25190,0.0,0.0
2011-02-17 00:00:00+05:30,148.98212790975765,155.84927760411236,148.98212790975765,152.08592224121094,75192,0.0,0.0
2011-02-18 00:00:00+05:30,153.1722709069267,154.33619397412232,148.20620388957389,149.5253143310547,38805,0.0,0.0
2011-02-21 00:00:00+05:30,150.5340468865755,150.5340468865755,145.64556773823077,148.08981323242188,28792,0.0,0.0
2011-02-22 00:00:00+05:30,148.82692536033517,152.78425562472358,145.5291442199942,150.72799682617188,54054,0.0,0.0
2011-02-23 00:00:00+05:30,154.9569407459846,154.9569407459846,148.63296407799808,152.47390747070312,66911,0.0,0.0
2011-02-24 00:00:00+05:30,154.80172691468323,154.80172691468323,145.99470663740797,147.5854034423828,39254,0.0,0.0
2011-02-25 00:00:00+05:30,152.6290860525851,153.1334597426432,145.2963742082151,152.5902862548828,53322,0.0,0.0
2011-02-28 00:00:00+05:30,152.86188406021748,156.93561447298976,152.47390973519154,154.29739379882812,108864,0.0,0.0
2011-03-01 00:00:00+05:30,157.28476849975638,157.28476849975638,149.75806994315906,151.30996704101562,22072,0.0,0.0
2011-03-03 00:00:00+05:30,152.86186292489882,152.86186292489882,149.13730755161507,150.3788299560547,29457,0.0,0.0
2011-03-04 00:00:00+05:30,151.15478705855006,151.85313605057212,146.65428288764173,148.24497985839844,41089,0.0,0.0
2011-03-07 00:00:00+05:30,146.73189539959614,147.43024445309607,142.85215212451467,144.36524963378906,39302,0.0,0.0
2011-03-08 00:00:00+05:30,145.10240274319213,148.98214613204755,144.40405366921303,147.39144897460938,34773,0.0,0.0
2011-03-09 00:00:00+05:30,148.20619646534934,148.82695777143152,140.67949670920027,142.38658142089844,137078,0.0,0.0
2011-03-10 00:00:00+05:30,141.22267558048446,145.72318079666147,141.22267558048446,142.89096069335938,70228,0.0,0.0
2011-03-11 00:00:00+05:30,142.15380221698496,145.02481009441667,139.3603939470667,140.67950439453125,33094,0.0,0.0
2011-03-14 00:00:00+05:30,139.08879535739482,142.4253769166814,138.11885954597645,142.07620239257812,14231,0.0,0.0
2011-03-15 00:00:00+05:30,141.22266175444912,141.22266175444912,136.68335717632687,139.0500030517578,28806,0.0,0.0
2011-03-16 00:00:00+05:30,138.97240339910857,141.84341094206417,138.97240339910857,140.4467010498047,17831,0.0,0.0
2011-03-17 00:00:00+05:30,139.63193385761568,140.83465643206728,137.7308623509198,138.35162353515625,36241,0.0,0.0
2011-03-18 00:00:00+05:30,138.6232546546789,139.55440272883112,134.43313568115235,135.79104614257812,37805,0.0,0.0
2011-03-21 00:00:00+05:30,136.45058663735793,136.45058663735793,133.07520498197493,134.5883026123047,23307,0.0,0.0
2011-03-22 00:00:00+05:30,135.24785283529707,139.28278347032992,134.58829174301616,138.2740478515625,38476,0.0,0.0
2011-03-23 00:00:00+05:30,138.27402394711365,140.36908258388124,137.34288809077637,138.35162353515625,42125,0.0,0.0
2011-03-24 00:00:00+05:30,139.2828058167601,143.5505241008391,139.2828058167601,142.6969757080078,61597,0.0,0.0
2011-03-25 00:00:00+05:30,145.2963954848731,145.2963954848731,141.64943892749264,144.52044677734375,36892,0.0,0.0
2011-03-28 00:00:00+05:30,145.25756597060067,145.95592676855742,142.7745329823922,143.39529418945312,21364,0.0,0.0
2011-03-29 00:00:00+05:30,144.0936412528476,146.57667420840943,137.30409153996402,145.64553833007812,51784,0.0,0.0
2011-03-30 00:00:00+05:30,143.55050450100836,147.3526482625878,140.1751230375374,141.688232421875,40216,0.0,0.0
2011-03-31 00:00:00+05:30,144.8696059698913,144.8696059698913,142.5029602948107,143.1625213623047,15451,0.0,0.0
2011-04-01 00:00:00+05:30,140.52426546359996,145.2187439948968,138.89476902395361,139.4767303466797,96353,0.0,0.0
2011-04-04 00:00:00+05:30,139.67075892857142,143.16252790178572,139.67075892857142,141.22265625,73965,0.0,0.0
2011-04-05 00:00:00+05:30,142.23140392491567,144.3264631183028,140.64070666770098,141.18386840820312,133349,0.0,0.0
2011-04-06 00:00:00+05:30,141.2226352998439,150.6892051882,140.09751227672578,146.5378875732422,390681,0.0,0.0
2011-04-07 00:00:00+05:30,147.04227346445902,149.37011948236602,145.10240178286983,145.761962890625,90499,0.0,0.0
2011-04-08 00:00:00+05:30,146.925841506303,148.55532612247092,143.55046106418575,144.21002197265625,101549,0.0,0.0
2011-04-11 00:00:00+05:30,143.16250810571196,145.49035376596743,141.3002363135217,142.3089599609375,72228,0.0,0.0
2011-04-13 00:00:00+05:30,141.99860070059984,148.59416412111952,141.26145186278438,147.04226684570312,81354,0.0,0.0
2011-04-15 00:00:00+05:30,147.43023412036007,147.8182084206768,141.26144511333115,141.53302001953125,91621,0.0,0.0
2011-04-18 00:00:00+05:30,141.61062404982206,145.10239286200945,141.2226497373568,141.8046112060547,147299,0.0,0.0
2011-04-19 00:00:00+05:30,141.8046112060547,143.55049561214838,140.75707582638393,141.8046112060547,138937,0.0,0.0
2011-04-20 00:00:00+05:30,140.52429115581637,145.024783402368,140.52429115581637,143.00732421875,149769,0.0,0.0
2011-04-21 00:00:00+05:30,144.32643027526922,145.8783273750033,143.16250745046864,144.75320434570312,228465,0.0,0.0
2011-04-25 00:00:00+05:30,144.32645951940657,147.4302543477809,143.1625364587662,145.87835693359375,108564,0.0,0.0
2011-04-26 00:00:00+05:30,147.46906687486097,159.69026006603667,145.1024207460224,156.5088653564453,1777307,0.0,0.0
2011-04-27 00:00:00+05:30,157.55636759993249,157.86674230786173,148.28378408012142,149.2149200439453,299659,0.0,0.0
2011-04-28 00:00:00+05:30,150.88319011269436,151.11597704096988,146.26629870204275,146.73187255859375,116230,0.0,0.0
2011-04-29 00:00:00+05:30,147.97341051318358,149.6029074728508,144.05486732163124,146.03353881835938,66256,0.0,0.0
2011-05-02 00:00:00+05:30,140.83469898534386,147.5854507835758,140.83469898534386,144.40406799316406,45011,0.0,0.0
2011-05-03 00:00:00+05:30,143.6280844317134,153.2498419227477,142.85213586501595,143.43409729003906,263578,0.0,0.0
2011-05-04 00:00:00+05:30,144.09366392663546,146.654296875,143.43411466905047,145.29638671875,66493,0.0,0.0
2011-05-05 00:00:00+05:30,146.57671914644945,148.20621631313287,145.14122101393184,146.07235717773438,69133,0.0,0.0
2011-05-06 00:00:00+05:30,147.27502027433968,152.08589836481164,144.63678840276648,148.36134338378906,349056,0.0,0.0
2011-05-09 00:00:00+05:30,149.75806119665984,153.05584233700077,148.710525980773,150.72799682617188,138555,0.0,0.0
2011-05-10 00:00:00+05:30,151.77554288899546,153.21104061924322,149.02092313631005,149.75807189941406,80391,0.0,0.0
2011-05-11 00:00:00+05:30,148.2449908521963,153.5990317615148,148.2449908521963,152.70669555664062,130172,0.0,0.0
2011-05-12 00:00:00+05:30,152.86189387670382,157.90556042593516,151.03840969596672,151.7367706298828,179247,0.0,0.0
2011-05-13 00:00:00+05:30,152.08592223070193,153.83180654202377,150.53402506508252,151.3875732421875,39217,0.0,0.0
2011-05-16 00:00:00+05:30,149.75812077172418,152.08596720859038,149.21495897112993,150.49526977539062,36619,0.0,0.0
2011-05-17 00:00:00+05:30,150.80559407041534,151.30995585391463,148.05097455737567,150.26242065429688,49726,0.0,0.0
2011-05-18 00:00:00+05:30,150.10725620926902,151.42636647802254,147.43023587326175,149.2149200439453,64079,0.0,0.0
2011-05-19 00:00:00+05:30,149.37014790831157,150.53407113876594,145.99476580397814,148.6717987060547,25204,0.0,0.0
2011-05-20 00:00:00+05:30,149.68051624353785,150.53406464506665,147.04229510433058,147.89584350585938,47705,0.0,0.0
2011-05-23 00:00:00+05:30,148.78813562021074,148.78813562021074,144.79200529263122,144.98599243164062,14083,0.0,0.0
2011-05-24 00:00:00+05:30,143.97725560106613,147.0422500008876,142.58054584518786,143.39529418945312,51301,0.0,0.0
2011-05-25 00:00:00+05:30,143.58930309387037,144.2100643950347,142.77455462609447,143.51170349121094,47417,0.0,0.0
2011-05-26 00:00:00+05:30,144.90838932001873,146.34389884983216,142.77453084274939,143.5892791748047,89775,0.0,0.0
2011-05-27 00:00:00+05:30,143.5893139666375,145.4903859753748,142.85216504570317,143.89968872070312,74441,0.0,0.0
2011-05-30 00:00:00+05:30,144.63682668955047,145.2575879907148,142.96854179270602,143.51170349121094,32356,0.0,0.0
2011-05-31 00:00:00+05:30,144.90844094947468,145.68438976312646,143.16255611875812,143.47293090820312,75164,0.0,0.0
2011-06-01 00:00:00+05:30,143.58930526291567,148.98214620817282,143.58930526291567,146.69309997558594,261869,0.0,0.0
2011-06-02 00:00:00+05:30,145.87839493892395,148.05105425283097,145.10244602967435,146.22756958007812,27992,0.0,0.0
2011-06-03 00:00:00+05:30,146.65430120598512,147.663036862711,144.32645515509648,145.6067657470703,33701,0.0,0.0
2011-06-06 00:00:00+05:30,146.1887262307547,148.20619753000526,145.102402817335,146.69309997558594,26295,0.0,0.0
2011-06-07 00:00:00+05:30,147.19746745031253,147.19746745031253,143.3953235194337,144.52044677734375,106395,0.0,0.0
2011-06-08 00:00:00+05:30,144.52043699678495,145.64556017855122,143.16252685050645,144.36524963378906,78630,0.0,0.0
2011-06-09 00:00:00+05:30,144.09365743452332,147.11986417898603,143.62809536309274,143.82208251953125,86889,0.0,0.0
2011-06-10 00:00:00+05:30,143.86088343156425,145.41278082280027,143.04614677319532,144.05487060546875,47773,0.0,0.0
2011-06-13 00:00:00+05:30,144.05483154408225,146.65426370556497,143.55046976470643,144.83078002929688,94425,0.0,0.0
2011-06-14 00:00:00+05:30,144.90838745082095,146.1886977846536,144.4816133928651,145.8395233154297,56765,0.0,0.0
2011-06-15 00:00:00+05:30,145.33518974423754,146.96467486386754,145.25759014042967,146.03353881835938,77736,0.0,0.0
2011-06-16 00:00:00+05:30,143.93847650373485,148.0122069708217,143.93847650373485,145.99473571777344,106428,0.0,0.0
2011-06-17 00:00:00+05:30,145.18000682715524,149.60291205893125,144.40405812543884,144.9472198486328,87753,0.0,0.0
2011-06-20 00:00:00+05:30,145.14120266716145,146.4603130524743,141.14505986925704,141.95980834960938,147934,0.0,0.0
2011-06-21 00:00:00+05:30,144.94722992020664,145.4903916811419,142.38659665861087,143.04615783691406,132645,0.0,0.0
2011-06-22 00:00:00+05:30,145.5131419990226,146.72642560326844,138.31433088402747,140.09381103515625,148726,7.5,0.0
2011-06-23 00:00:00+05:30,140.0938035557701,140.0938035557701,134.67447288123324,138.96141052246094,130474,0.0,0.0
2011-06-24 00:00:00+05:30,139.123163312939,140.37689196238816,137.7076660117899,138.597412109375,127039,0.0,0.0
2011-06-27 00:00:00+05:30,139.1231827430899,141.38798120966496,138.59743146609867,140.66000366210938,30767,0.0,0.0
2011-06-28 00:00:00+05:30,141.95418418537486,143.6932191117508,140.7813458158079,142.35861206054688,65523,0.0,0.0
2011-06-29 00:00:00+05:30,142.35861653182786,143.53145493823203,140.9026736670477,142.15640258789062,46769,0.0,0.0
2011-06-30 00:00:00+05:30,141.95417838700126,145.59402911487308,141.2262131782904,145.39181518554688,138225,0.0,0.0
2011-07-01 00:00:00+05:30,145.99846628978312,153.23772295317147,144.90650606487935,149.71920776367188,357394,0.0,0.0
2011-07-04 00:00:00+05:30,147.21172379045638,149.7191811655084,145.99844035262294,146.92861938476562,52281,0.0,0.0
2011-07-05 00:00:00+05:30,148.54633962488393,148.58678487702417,145.99844918810436,146.52420043945312,23751,0.0,0.0
2011-07-06 00:00:00+05:30,145.91755332849843,147.77792377924885,145.91755332849843,147.29261779785156,44913,0.0,0.0
2011-07-07 00:00:00+05:30,145.91756123742903,151.57955105572196,145.91756123742903,150.5684814453125,71833,0.0,0.0
2011-07-08 00:00:00+05:30,150.04275421993015,150.40673686955182,146.079365649098,146.7264404296875,36937,0.0,0.0
2011-07-11 00:00:00+05:30,148.02059601006061,151.90310591482182,147.61616815210962,148.95077514648438,232738,0.0,0.0
2011-07-12 00:00:00+05:30,149.63831145855468,150.4471671961685,148.1014904939521,149.6787567138672,125870,0.0,0.0
2011-07-13 00:00:00+05:30,150.36626520048654,166.50294580708086,149.15298168673706,161.08360290527344,1138336,0.0,0.0
2011-07-14 00:00:00+05:30,159.34460722193555,161.85206536889137,153.88483007093015,160.67921447753906,657017,0.0,0.0
2011-07-15 00:00:00+05:30,160.63873413146638,169.85968343840236,156.99888377207205,168.92950439453125,1009856,0.0,0.0
2011-07-18 00:00:00+05:30,169.94059550790135,172.65025482518075,165.6536576276347,166.74560546875,653183,0.0,0.0
2011-07-19 00:00:00+05:30,168.3228817337506,170.26413054178147,155.6238369455058,163.99549865722656,1136946,0.0,0.0
2011-07-20 00:00:00+05:30,164.03596143555015,184.7426628545056,163.99551617644573,179.64688110351562,2599217,0.0,0.0
2011-07-21 00:00:00+05:30,179.52553225908338,183.5293657757887,174.71284298780486,182.39697265625,610385,0.0,0.0
2011-07-22 00:00:00+05:30,181.9116576484621,182.43742130400443,179.56598085345644,180.17262268066406,282124,0.0,0.0
2011-07-25 00:00:00+05:30,180.1726258384749,181.91166083675225,177.78650374473625,181.0219268798828,172538,0.0,0.0
2011-07-26 00:00:00+05:30,179.56596989243243,198.08876094897747,179.16154203231434,187.89718627929688,2426159,0.0,0.0
2011-07-27 00:00:00+05:30,189.67665731390372,195.4599704998311,185.75370232172088,191.86056518554688,703256,0.0,0.0
2011-07-28 00:00:00+05:30,190.6473426961392,192.22460931158847,184.014726452864,184.62136840820312,239138,0.0,0.0
2011-07-29 00:00:00+05:30,185.06619283442424,190.08109587416183,172.65025248620586,180.2130584716797,279502,0.0,0.0
2011-08-01 00:00:00+05:30,181.99253089718908,186.80521980137195,178.4740036963134,182.63961791992188,160629,0.0,0.0
2011-08-02 00:00:00+05:30,182.03298181827194,187.16920822267,178.1909171574777,181.38589477539062,279666,0.0,0.0
2011-08-03 00:00:00+05:30,178.8379933536307,183.61023686389063,177.94824718086318,179.88949584960938,117533,0.0,0.0
2011-08-04 00:00:00+05:30,179.20200139431432,183.52937243295196,169.85971462168945,175.8048095703125,198928,0.0,0.0
2011-08-05 00:00:00+05:30,167.87800664072034,173.3377827340133,163.1461957563363,169.53616333007812,277673,0.0,0.0
2011-08-08 00:00:00+05:30,165.81545261443884,166.46253977600057,157.72689395031986,163.02490234375,170078,0.0,0.0
2011-08-09 00:00:00+05:30,157.76727587484996,167.43309712960104,149.63827521244536,163.22705078125,166648,0.0,0.0
2011-08-10 00:00:00+05:30,165.8154306617639,169.69794077495905,161.0431866186062,162.62045288085938,215674,0.0,0.0
2011-08-11 00:00:00+05:30,160.23432457781482,161.5689315915195,156.99890166734636,157.8481903076172,51758,0.0,0.0
2011-08-12 00:00:00+05:30,160.88139289033893,161.5689251683442,154.167900491739,155.66427612304688,157471,0.0,0.0
2011-08-16 00:00:00+05:30,159.10193082822136,163.75285160328878,155.66429373360634,159.2232666015625,397537,0.0,0.0
2011-08-17 00:00:00+05:30,160.96229548468145,166.05808921720123,158.73794215511927,159.66812133789062,220406,0.0,0.0
2011-08-18 00:00:00+05:30,161.85201680209735,165.00654882812498,147.535262250637,151.66043090820312,90352,0.0,0.0
2011-08-19 00:00:00+05:30,145.59402595498406,152.02442629956417,140.01292656357307,142.76303100585938,337639,0.0,0.0
2011-08-22 00:00:00+05:30,141.54974754714752,145.59402604849458,137.50546904580042,140.98355102539062,209208,0.0,0.0
2011-08-23 00:00:00+05:30,142.39907249853903,148.0206180943457,141.67109484031965,143.65280151367188,66460,0.0,0.0
2011-08-24 00:00:00+05:30,143.9763444056419,148.82947961032644,142.76306060447075,146.322021484375,111083,0.0,0.0
2011-08-25 00:00:00+05:30,147.93969475471113,148.74855041185478,143.7336478059957,146.9690704345703,218595,0.0,0.0
2011-08-26 00:00:00+05:30,145.59403830804897,146.2006801343325,140.90267238302437,143.20791625976562,27502,0.0,0.0
2011-08-29 00:00:00+05:30,145.59400377737765,153.39945515413552,132.3287772589681,147.33303833007812,61234,0.0,0.0
2011-08-30 00:00:00+05:30,149.63829217955123,157.72684851358102,148.02058091274526,156.51356506347656,158444,0.0,0.0
2011-09-02 00:00:00+05:30,158.3739879181736,158.3739879181736,151.25605351941584,153.11642456054688,54409,0.0,0.0
2011-09-05 00:00:00+05:30,152.87372776135396,157.3224341247796,150.08317805636412,155.9069366455078,65128,0.0,0.0
2011-09-06 00:00:00+05:30,159.2636522022,160.6387165052617,154.32964077281477,159.4658660888672,52017,0.0,0.0
2011-09-07 00:00:00+05:30,159.34459042890626,171.47742726359456,159.34459042890626,170.021484375,335361,0.0,0.0
2011-09-08 00:00:00+05:30,168.32288991122311,171.80095983273694,165.81543209872012,168.08023071289062,83521,0.0,0.0
2011-09-09 00:00:00+05:30,166.7051561479315,168.646404791401,164.6830170017516,166.0176239013672,70871,0.0,0.0
2011-09-12 00:00:00+05:30,165.12787378075882,165.12787378075882,160.6791677658339,161.24537658691406,20515,0.0,0.0
2011-09-13 00:00:00+05:30,162.09467034341637,171.80093832427144,162.09467034341637,166.26028442382812,116213,0.0,0.0
2011-09-14 00:00:00+05:30,166.866910402582,170.34499190211778,166.21982346324748,167.67576599121094,121772,0.0,0.0
2011-09-15 00:00:00+05:30,169.7788362404557,176.16880479535106,168.44422903847965,173.17604064941406,133386,0.0,0.0
2011-09-16 00:00:00+05:30,175.44078558560503,175.44078558560503,167.51401008763833,168.48463439941406,60654,0.0,0.0
2011-09-19 00:00:00+05:30,164.1168032013363,168.20152662145784,164.1168032013363,165.85585021972656,18413,0.0,0.0
2011-09-20 00:00:00+05:30,165.00655019780655,172.77156926162516,163.79326674046973,169.29348754882812,125873,0.0,0.0
2011-09-21 00:00:00+05:30,167.95890813325752,173.29736154718796,167.918475215493,171.39654541015625,62627,0.0,0.0
2011-09-22 00:00:00+05:30,168.24197246616484,172.16492724178218,164.4403534413705,166.21983337402344,45517,0.0,0.0
2011-09-23 00:00:00+05:30,161.77112679960504,167.0286884205922,158.61659476387572,165.85585021972656,103516,0.0,0.0
2011-09-26 00:00:00+05:30,165.81544763901655,167.43315932329963,161.77116842830884,165.006591796875,32241,0.0,0.0
2011-09-27 00:00:00+05:30,169.0508645547403,169.0508645547403,163.67197834668082,164.60215759277344,49495,0.0,0.0
2011-09-28 00:00:00+05:30,165.8558687448717,168.56552801612392,162.6608911021504,163.6315155029297,151967,0.0,0.0
2011-09-29 00:00:00+05:30,159.34458067108181,164.15726985236032,159.34458067108181,161.89247131347656,43862,0.0,0.0
2011-09-30 00:00:00+05:30,161.9329032926659,163.79327380930195,157.16065975804824,158.9401397705078,36973,0.0,0.0
2011-10-03 00:00:00+05:30,159.0614702039316,159.0614702039316,156.19004231132328,157.9290771484375,21487,0.0,0.0
2011-10-04 00:00:00+05:30,156.14958340690313,166.4624927928939,156.14958340690313,161.73068237304688,116417,0.0,0.0
2011-10-05 00:00:00+05:30,165.65367126766049,165.65367126766049,156.5540434649685,156.99891662597656,38636,0.0,0.0
2011-10-07 00:00:00+05:30,158.77841555123427,162.41826709923532,158.13132836315734,158.69752502441406,17418,0.0,0.0
2011-10-10 00:00:00+05:30,160.9622983759604,162.49911940349014,156.10916375155958,157.0797882080078,62242,0.0,0.0
2011-10-11 00:00:00+05:30,159.91076980632857,160.55785683631723,156.51357832658633,157.68641662597656,16579,0.0,0.0
2011-10-12 00:00:00+05:30,160.55786064233672,163.79328352681708,159.18280838486436,161.97335815429688,147783,0.0,0.0
2011-10-13 00:00:00+05:30,162.57999309109698,167.43312721321928,162.57999309109698,164.27859497070312,49434,0.0,0.0
2011-10-14 00:00:00+05:30,163.34838263338895,172.24579405265126,162.8226314409316,170.9920654296875,75564,0.0,0.0
2011-10-17 00:00:00+05:30,172.93333683942328,198.1696301257857,172.93333683942328,189.51487731933594,465311,0.0,0.0
2011-10-18 00:00:00+05:30,187.81632307375216,193.1547765402392,168.64644218581145,184.90444946289062,1353175,0.0,0.0
2011-10-19 00:00:00+05:30,181.99253589746917,184.8235309003187,176.89674242390828,179.7277374267578,147452,0.0,0.0
2011-10-20 00:00:00+05:30,178.75713279721262,187.65454664684765,175.72392353029161,184.25735473632812,216193,0.0,0.0
2011-10-21 00:00:00+05:30,184.25734919806408,188.30162809906568,182.07344105995517,186.36036682128906,133537,0.0,0.0
2011-10-24 00:00:00+05:30,177.74606388500536,186.84569172894763,177.74606388500536,181.5476837158203,47545,0.0,0.0
2011-10-25 00:00:00+05:30,176.33057176928386,185.22798594112848,176.33057176928386,182.88230895996094,32380,0.0,0.0
2011-10-28 00:00:00+05:30,183.61022766920982,189.87885879007493,183.04403119769222,186.5625457763672,62972,0.0,0.0
2011-10-31 00:00:00+05:30,187.65451668759107,188.4633723629686,184.41909398608087,186.7647705078125,93852,0.0,0.0
2011-11-01 00:00:00+05:30,186.76476487466567,189.9597545697671,179.6468450197585,182.6800537109375,61607,0.0,0.0
2011-11-02 00:00:00+05:30,182.35649877675516,185.8345804439194,178.23134248122702,181.22410583496094,29439,0.0,0.0
2011-11-03 00:00:00+05:30,175.1172816769074,184.41912342879854,175.1172816769074,184.25735473632812,83180,0.0,0.0
2011-11-04 00:00:00+05:30,185.18752179119625,185.95593228649727,182.07343455399533,183.81246948242188,33266,0.0,0.0
2011-11-08 00:00:00+05:30,184.37865393843816,184.37865393843816,180.49614411860057,181.58810424804688,13107,0.0,0.0
2011-11-09 00:00:00+05:30,186.0773102261443,186.0773102261443,178.75716154946457,180.57708740234375,55657,0.0,0.0
2011-11-11 00:00:00+05:30,180.6174586892985,182.23516989593412,175.5216659199649,177.98867797851562,39710,0.0,0.0
2011-11-14 00:00:00+05:30,176.3305345635777,181.06234512978457,169.13172409853334,170.7494354248047,32287,0.0,0.0
2011-11-15 00:00:00+05:30,170.1023422982162,171.39650390731853,163.5910519761006,165.85585021972656,28873,0.0,0.0
2011-11-16 00:00:00+05:30,162.7417671526053,166.62427704738383,160.47696868547123,163.5101776123047,44089,0.0,0.0
2011-11-17 00:00:00+05:30,162.58001783161322,172.8524841515468,162.58001783161322,171.1134490966797,59211,0.0,0.0
2011-11-18 00:00:00+05:30,171.47738556318444,171.47738556318444,162.70129745009268,165.330078125,20150,0.0,0.0
2011-11-21 00:00:00+05:30,165.8558610919612,165.8963063447439,162.1351199948041,164.27859497070312,33917,0.0,0.0
2011-11-22 00:00:00+05:30,162.53953056578575,169.85967622386465,162.53953056578575,168.64639282226562,23614,0.0,0.0
2011-11-23 00:00:00+05:30,168.24196121831366,171.35606014888072,164.44034244767735,169.21258544921875,105563,0.0,0.0
2011-11-24 00:00:00+05:30,170.66854606484466,172.24581215009292,162.9844172135839,171.47740173339844,40588,0.0,0.0
2011-11-25 00:00:00+05:30,171.0729465983648,173.49951321678134,164.35944315231455,170.5471954345703,36928,0.0,0.0
2011-11-28 00:00:00+05:30,168.28244470711482,172.9333653649972,168.28244470711482,172.003173828125,18768,0.0,0.0
2011-11-29 00:00:00+05:30,173.09512355032408,173.09512355032408,167.59490220272315,169.53616333007812,54884,0.0,0.0
2011-11-30 00:00:00+05:30,169.77883773982003,169.77883773982003,166.13898641992924,167.39271545410156,24181,0.0,0.0
2011-12-01 00:00:00+05:30,171.2347807362085,172.52895503125623,166.6243048661123,167.39271545410156,27428,0.0,0.0
2011-12-02 00:00:00+05:30,166.664712242224,169.05083398555018,165.81541132553963,168.03976440429688,31988,0.0,0.0
2011-12-05 00:00:00+05:30,168.96993700532445,169.01038225545585,165.12787274383385,165.85585021972656,20795,0.0,0.0
2011-12-07 00:00:00+05:30,168.56554073318404,169.45528703394936,165.4110081071248,167.5140380859375,45123,0.0,0.0
2011-12-08 00:00:00+05:30,167.4331277172881,168.0802147372842,163.42929452291506,166.42205810546875,68665,0.0,0.0
2011-12-09 00:00:00+05:30,164.96617524201037,165.00662050958744,162.17562456947198,162.7418212890625,30275,0.0,0.0
2011-12-12 00:00:00+05:30,163.55063039772014,164.84480453629425,158.171744589975,160.2343292236328,40481,0.0,0.0
2011-12-13 00:00:00+05:30,160.1534553442008,160.96231117927255,156.10917616884223,159.18283081054688,19885,0.0,0.0
2011-12-14 00:00:00+05:30,157.80775372897693,160.0321069282507,156.3518109846569,157.9290771484375,53820,0.0,0.0
2011-12-15 00:00:00+05:30,156.91801837130376,156.91801837130376,144.0976495623515,151.13470458984375,104417,0.0,0.0
2011-12-16 00:00:00+05:30,153.68256446776013,153.8847783683756,147.8588065984659,148.4250030517578,189927,0.0,0.0
2011-12-19 00:00:00+05:30,145.79625171229355,160.15344154803952,141.54975894397433,142.84393310546875,32556,0.0,0.0
2011-12-20 00:00:00+05:30,143.97632330135696,145.594034799125,135.07891006363266,135.84732055664062,41837,0.0,0.0
2011-12-21 00:00:00+05:30,140.65999657503338,140.65999657503338,134.3104869483076,136.81793212890625,88871,0.0,0.0
2011-12-22 00:00:00+05:30,136.8583795740106,143.89542157230025,132.89499165030674,135.1597900390625,31550,0.0,0.0
2011-12-23 00:00:00+05:30,135.88777807203388,144.7851921124647,135.88777807203388,143.16748046875,64943,0.0,0.0
2011-12-26 00:00:00+05:30,142.07548901718764,148.82943858551283,140.74088214064798,147.29261779785156,30652,0.0,0.0
2011-12-27 00:00:00+05:30,148.0206007382887,150.44716796350653,142.68214790594575,143.8954315185547,17843,0.0,0.0
2011-12-28 00:00:00+05:30,142.39904706644356,145.3513654058241,140.1342486600713,142.52037048339844,18143,0.0,0.0
2011-12-29 00:00:00+05:30,140.9835349035307,147.2117206149631,140.9835349035307,145.59400939941406,17651,0.0,0.0
2011-12-30 00:00:00+05:30,148.8294517259626,150.20450397456418,143.61233482682664,148.95077514648438,17264,0.0,0.0
2012-01-02 00:00:00+05:30,148.8294397573002,149.6382954081551,145.79623106659434,148.0205841064453,8884,0.0,0.0
2012-01-03 00:00:00+05:30,150.85158337886767,152.79283206189334,147.98014326435037,149.5978546142578,31947,0.0,0.0
2012-01-04 00:00:00+05:30,152.79282988370034,156.1091430405969,149.63829773321464,154.7745361328125,37177,0.0,0.0
2012-01-05 00:00:00+05:30,154.77453670565356,160.11297669870743,153.03548961756337,155.13851928710938,40432,0.0,0.0
2012-01-06 00:00:00+05:30,155.05764660054405,155.9473928727019,150.93248963311265,153.03550720214844,35967,0.0,0.0
2012-01-09 00:00:00+05:30,152.71195489864857,160.5578525285914,152.71195489864857,157.4033203125,86452,0.0,0.0
2012-01-10 00:00:00+05:30,158.53571207922442,167.06914190702247,158.05039373803703,162.0137939453125,132216,0.0,0.0
2012-01-11 00:00:00+05:30,164.52123849494714,168.48463868694733,160.31519147544654,165.20877075195312,70177,0.0,0.0
2012-01-12 00:00:00+05:30,165.8154152126063,171.39651449509412,161.77113679278662,165.694091796875,134532,0.0,0.0
2012-01-13 00:00:00+05:30,167.7971269643188,167.99934090675404,159.34458663895828,161.44761657714844,37150,0.0,0.0
2012-01-16 00:00:00+05:30,160.96231348827632,161.77116933495108,158.0908727641488,160.15345764160156,48340,0.0,0.0
2012-01-17 00:00:00+05:30,161.77113919873622,169.73837274113737,161.0431740092053,166.6647186279297,92447,0.0,0.0
2012-01-18 00:00:00+05:30,168.1610885554648,177.66514266097155,161.77113371075325,171.47740173339844,713531,0.0,0.0
2012-01-19 00:00:00+05:30,172.24582164829425,178.7571126076377,171.11342858673834,177.5842742919922,285599,0.0,0.0
2012-01-20 00:00:00+05:30,177.74604630806078,178.39313335918402,169.85970295650858,172.28627014160156,145701,0.0,0.0
2012-01-23 00:00:00+05:30,172.5289134588071,172.73112737229795,168.36329943560133,170.14279174804688,101349,0.0,0.0
2012-01-24 00:00:00+05:30,177.94828950484256,177.94828950484256,166.6243074454435,167.87803649902344,60182,0.0,0.0
2012-01-25 00:00:00+05:30,170.50679077977995,172.28627092180812,167.06915391866406,167.797119140625,76140,0.0,0.0
2012-01-27 00:00:00+05:30,167.43313406950844,171.2347534857467,167.43313406950844,169.900146484375,80049,0.0,0.0
2012-01-30 00:00:00+05:30,169.8597025239653,170.10236171028848,165.00656816613773,165.7749786376953,38594,0.0,0.0
2012-01-31 00:00:00+05:30,165.77496493556927,171.76050422078401,165.73451968416526,169.09127807617188,127005,0.0,0.0
2012-02-01 00:00:00+05:30,170.62810349890307,175.1172549984734,167.67578519907153,171.9627227783203,143507,0.0,0.0
2012-02-02 00:00:00+05:30,175.76433214929133,175.76433214929133,169.90012878902337,172.48846435546875,116755,0.0,0.0
2012-02-03 00:00:00+05:30,173.58042807296349,173.90396539730466,168.646403652735,170.6280975341797,78567,0.0,0.0
2012-02-06 00:00:00+05:30,172.286255659251,175.56212355218946,170.95164875650022,173.9444122314453,152352,0.0,0.0
2012-02-07 00:00:00+05:30,174.3083946261055,189.59576165413048,171.1538624908489,186.8456573486328,565204,0.0,0.0
2012-02-08 00:00:00+05:30,188.70601715118656,195.62173511699285,187.97803969353697,194.20623779296875,460011,0.0,0.0
2012-02-09 00:00:00+05:30,192.50768401870647,192.50768401870647,186.27949671006272,188.66561889648438,74415,0.0,0.0
2012-02-10 00:00:00+05:30,187.69496324667438,191.53702773146927,182.07341873209035,188.7869110107422,100369,0.0,0.0
2012-02-13 00:00:00+05:30,188.46338254803214,193.31651686257376,187.73541733771444,191.45614624023438,93281,0.0,0.0
2012-02-14 00:00:00+05:30,191.69881092704043,199.6255996700925,191.69881092704043,196.3497314453125,111653,0.0,0.0
2012-02-15 00:00:00+05:30,198.16966512486587,206.74354128754027,196.7541675168311,202.5779266357422,273140,0.0,0.0
2012-02-16 00:00:00+05:30,203.022763168508,209.04874748687692,201.80947972327786,207.02659606933594,121655,0.0,0.0
2012-02-17 00:00:00+05:30,208.76567639616894,211.03046264830755,199.78737253176433,202.29483032226562,105525,0.0,0.0
2012-02-21 00:00:00+05:30,202.98235202093315,230.84743069280262,195.13645355871415,209.8980712890625,1226692,0.0,0.0
2012-02-22 00:00:00+05:30,212.72903381590825,219.1998789509929,198.97848790385333,203.02276611328125,218943,0.0,0.0
2012-02-23 00:00:00+05:30,201.40507631643095,204.03385743301087,196.1475140832711,200.3535614013672,81250,0.0,0.0
2012-02-24 00:00:00+05:30,191.69881383384146,214.2658844495692,191.69881383384146,198.978515625,167191,0.0,0.0
2012-02-27 00:00:00+05:30,206.01556900505597,206.01556900505597,187.85675883281343,191.01129150390625,48346,0.0,0.0
2012-02-28 00:00:00+05:30,196.47103574101288,198.7358340674027,192.34587926216943,195.1364288330078,56294,0.0,0.0
2012-02-29 00:00:00+05:30,204.15516868376974,204.15516868376974,190.48551262939412,199.42337036132812,113130,0.0,0.0
2012-03-01 00:00:00+05:30,205.44935658352435,205.44935658352435,193.55917975361834,195.7430877685547,21880,0.0,0.0
2012-03-02 00:00:00+05:30,194.16580819540422,198.57406917713715,191.90100982597062,193.27606201171875,19923,0.0,0.0
2012-03-05 00:00:00+05:30,190.12153504670408,194.93422400069622,188.46337839071458,191.1730499267578,36303,0.0,0.0
2012-03-06 00:00:00+05:30,189.35316446633092,195.3386929789242,184.90445717281506,186.4008331298828,27104,0.0,0.0
2012-03-07 00:00:00+05:30,184.41910484985314,192.3458934039365,181.9925376807761,189.5553436279297,41750,0.0,0.0
2012-03-09 00:00:00+05:30,194.04446349001722,195.7026200237889,190.8899314245258,191.9010009765625,17388,0.0,0.0
2012-03-12 00:00:00+05:30,196.2284023617636,196.2284023617636,192.02234274933303,194.52980041503906,34110,0.0,0.0
2012-03-13 00:00:00+05:30,196.2284098738491,205.28759180481643,192.50766848723217,203.95297241210938,152037,0.0,0.0
2012-03-14 00:00:00+05:30,204.47873070958505,206.136887422061,196.55194209889336,198.57408142089844,65181,0.0,0.0
2012-03-15 00:00:00+05:30,196.7946148267192,203.83165768305955,192.14369406609384,200.1109161376953,79216,0.0,0.0
2012-03-16 00:00:00+05:30,198.16964288542584,202.13303080627105,192.9525261840167,194.81289672851562,34534,0.0,0.0
2012-03-19 00:00:00+05:30,195.0555537336424,196.55194176625733,189.3531307289658,193.35696411132812,22945,0.0,0.0
2012-03-20 00:00:00+05:30,190.6068138622158,197.9674046300635,189.6766348753826,196.9967803955078,28828,0.0,0.0
2012-03-21 00:00:00+05:30,196.75414168676193,200.55576086654318,193.6400424210435,198.45274353027344,33010,0.0,0.0
2012-03-22 00:00:00+05:30,198.16966083756344,198.16966083756344,193.31652628643945,195.78353881835938,23467,0.0,0.0
2012-03-23 00:00:00+05:30,194.93421490630465,199.6660254747109,190.5259540085978,196.91590881347656,31571,0.0,0.0
2012-03-26 00:00:00+05:30,194.9342186219554,196.51148472743586,190.97083073206522,193.27606201171875,13384,0.0,0.0
2012-03-27 00:00:00+05:30,199.46385602379794,199.46385602379794,190.0811232985783,194.1658477783203,20877,0.0,0.0
2012-03-28 00:00:00+05:30,194.0444683472869,204.640482454731,190.48550837189387,203.18453979492188,74642,0.0,0.0
2012-03-29 00:00:00+05:30,200.59622997952792,210.30249917208573,195.74309538324903,209.8980712890625,129095,0.0,0.0
2012-03-30 00:00:00+05:30,209.49366558758035,222.43535921461236,204.27654781261526,220.49411010742188,672562,0.0,0.0
2012-04-02 00:00:00+05:30,218.39101712210004,226.3177923142875,212.0010626690941,215.03427124023438,149986,0.0,0.0
2012-04-03 00:00:00+05:30,215.19606018066406,216.77333875052392,211.43488591905782,215.19606018066406,121888,0.0,0.0
2012-04-04 00:00:00+05:30,214.34673817256464,218.39101625129229,212.93124084501,217.42037963867188,61420,0.0,0.0
2012-04-09 00:00:00+05:30,212.72903828900343,215.8835704218251,211.03043646846382,213.94232177734375,31663,0.0,0.0
2012-04-10 00:00:00+05:30,213.53788323224617,216.77330570546204,208.60385902372911,211.47531127929688,28668,0.0,0.0
2012-04-11 00:00:00+05:30,207.18837419509953,211.1113291174791,204.72137428411975,206.9861602783203,54867,0.0,0.0
2012-04-12 00:00:00+05:30,207.2288113621897,216.77329741962694,206.6626025772936,214.023193359375,49932,0.0,0.0
2012-04-13 00:00:00+05:30,213.53789650619083,215.19604075306174,208.32076757009725,209.5745086669922,79101,0.0,0.0
2012-04-16 00:00:00+05:30,207.0670523470775,209.0891915301544,204.3169479949561,206.74351501464844,24057,0.0,0.0
2012-04-17 00:00:00+05:30,208.6847584247589,209.49361407756805,203.38675143042747,207.06704711914062,71628,0.0,0.0
2012-04-18 00:00:00+05:30,208.68477559741913,212.52684026442589,204.64049700056992,206.37953186035156,32038,0.0,0.0
2012-04-19 00:00:00+05:30,206.7435162353275,206.7435162353275,202.25436475395972,203.9125213623047,36826,0.0,0.0
2012-04-20 00:00:00+05:30,203.87207977454332,208.1185598182492,200.71753516832055,203.83163452148438,87184,0.0,0.0
2012-04-23 00:00:00+05:30,204.5596134912346,206.13689207170296,202.213936761663,205.36846923828125,34422,0.0,0.0
2012-04-24 00:00:00+05:30,206.25821820723235,209.89806911677172,202.6588125540086,207.14796447753906,30618,0.0,0.0
2012-04-25 00:00:00+05:30,207.02662483229804,207.6737118947544,201.89039827252364,203.34632873535156,40686,0.0,0.0
2012-04-26 00:00:00+05:30,202.29482185433122,204.60005326636806,200.070468609537,201.76905822753906,25097,0.0,0.0
2012-04-27 00:00:00+05:30,200.55576577611077,202.53745974728034,192.87163672459573,197.32034301757812,86083,0.0,0.0
2012-04-30 00:00:00+05:30,193.59962266866992,218.391045697045,193.59962266866992,210.99002075195312,172486,0.0,0.0
2012-05-02 00:00:00+05:30,226.47958575064618,232.9504310578075,206.25819416576704,207.5523681640625,102995,0.0,0.0
2012-05-03 00:00:00+05:30,207.10753881322157,215.56009265796655,207.10753881322157,214.62991333007812,96763,0.0,0.0
2012-05-04 00:00:00+05:30,215.15561632139253,215.15561632139253,183.81245792870848,202.65879821777344,1080537,0.0,0.0
2012-05-07 00:00:00+05:30,201.7285988080004,213.1334686718988,194.3680196291803,209.5745086669922,264741,0.0,0.0
2012-05-08 00:00:00+05:30,203.02277398092363,211.92018638646212,201.4859531386484,206.74351501464844,144282,0.0,0.0
2012-05-09 00:00:00+05:30,207.10748543650982,209.898047385301,203.83162983081255,208.03768920898438,138658,0.0,0.0
2012-05-10 00:00:00+05:30,210.26203598485608,238.28887930631439,206.2581906456554,218.3101348876953,487784,0.0,0.0
2012-05-11 00:00:00+05:30,217.58221176271962,220.65585395106712,213.9423606365775,215.80271911621094,206981,0.0,0.0
2012-05-14 00:00:00+05:30,216.08582988276927,217.82486497907826,212.72908312769457,216.2071533203125,93662,0.0,0.0
2012-05-15 00:00:00+05:30,212.89084243584307,224.78100710345527,212.89084243584307,222.3948974609375,114063,0.0,0.0
2012-05-16 00:00:00+05:30,221.66696044672824,223.24423940319795,212.97175909316164,221.38388061523438,61960,0.0,0.0
2012-05-17 00:00:00+05:30,221.62648800031258,240.87724606237816,218.83592563169015,235.66014099121094,406856,0.0,0.0
2012-05-18 00:00:00+05:30,233.7592705168464,238.61240416079477,228.09728126557332,232.50555419921875,106021,0.0,0.0
2012-05-21 00:00:00+05:30,234.48727335778392,236.75208423331105,223.2846164568607,228.9061737060547,153856,0.0,0.0
2012-05-22 00:00:00+05:30,225.3471948449965,239.42127858150553,225.3471948449965,237.39913940429688,209828,0.0,0.0
2012-05-23 00:00:00+05:30,229.6746190229231,236.9947542902416,227.7738029168369,233.92111206054688,96945,0.0,0.0
2012-05-24 00:00:00+05:30,230.64523297656507,237.56096507335715,229.14884476724836,234.5277557373047,81056,0.0,0.0
2012-05-25 00:00:00+05:30,234.52770918027989,236.10496291132782,228.4208341187351,234.64903259277344,82540,0.0,0.0
2012-05-28 00:00:00+05:30,234.68947012965197,239.4212807847269,232.62689802364523,234.00193786621094,27900,0.0,0.0
2012-05-29 00:00:00+05:30,232.18200101476762,240.8367662151158,230.52385683058944,237.9248809814453,76746,0.0,0.0
2012-05-30 00:00:00+05:30,232.95040685424402,238.61239590972912,232.82908345420344,237.31822204589844,106936,0.0,0.0
2012-05-31 00:00:00+05:30,234.1636667852272,260.2088237072566,234.04234339733017,253.65708923339844,466107,0.0,0.0
2012-06-01 00:00:00+05:30,254.78958329540868,254.78958329540868,234.56818779577304,235.94325256347656,187097,0.0,0.0
2012-06-04 00:00:00+05:30,233.5166363042144,236.75205890803133,229.87678587492033,232.02024841308594,39700,0.0,0.0
2012-06-05 00:00:00+05:30,232.14159144351356,236.59029789974815,229.71502428556744,230.5238800048828,40192,0.0,0.0
2012-06-06 00:00:00+05:30,230.6856488111122,234.89168351831486,226.56047992410635,231.8584747314453,116166,0.0,0.0
2012-06-07 00:00:00+05:30,235.7814087048977,236.18583650713595,224.86185804446504,226.35824584960938,73532,0.0,0.0
2012-06-08 00:00:00+05:30,226.35826054196053,232.54600138097376,220.2513855211925,231.3327178955078,154041,0.0,0.0
2012-06-11 00:00:00+05:30,232.86956448073144,238.61244521775117,231.33274349924352,233.79974365234375,59139,0.0,0.0
2012-06-12 00:00:00+05:30,234.40634845416255,237.80355192684328,229.876776736341,233.39527893066406,38109,0.0,0.0
2012-06-13 00:00:00+05:30,234.72997787136987,238.61247608306053,232.14162927402836,234.24465942382812,42820,0.0,0.0
2012-06-14 00:00:00+05:30,234.2850688607741,236.1049943434072,229.71503869680362,230.6452178955078,43892,0.0,0.0
2012-06-15 00:00:00+05:30,231.04964294011558,235.78145407365474,230.64521506005784,231.89895629882812,45146,0.0,0.0
2012-06-18 00:00:00+05:30,234.36592719202434,234.56814110677158,228.54215657357818,233.47618103027344,58520,0.0,0.0
2012-06-19 00:00:00+05:30,234.56817651355345,236.95431094147085,230.6047881231194,235.41746520996094,65655,0.0,0.0
2012-06-20 00:00:00+05:30,239.45127549308538,241.19788595050304,235.87490319902665,237.787841796875,33454,8.0,0.0
2012-06-21 00:00:00+05:30,237.87099039474484,240.98992820586474,233.33812395645822,236.45706176757812,58661,0.0,0.0
2012-06-22 00:00:00+05:30,236.16602170180136,238.91067729336973,234.62734037477685,235.3343048095703,34779,0.0,0.0
2012-06-25 00:00:00+05:30,235.33426375337564,237.704636177113,231.3004324533964,232.67276000976562,53216,0.0,0.0
2012-06-26 00:00:00+05:30,233.04709461093594,236.20760880125675,229.13801487586704,231.46681213378906,33323,0.0,0.0
2012-06-27 00:00:00+05:30,238.70273886675838,238.70273886675838,231.30046388770523,232.58961486816406,25888,0.0,0.0
2012-06-28 00:00:00+05:30,233.4628976408818,234.54411924346732,228.72210209912592,231.0093231201172,23705,0.0,0.0
2012-06-29 00:00:00+05:30,232.04903148863215,240.3246253808962,231.21731452989152,237.70469665527344,93306,0.0,0.0
2012-07-02 00:00:00+05:30,236.45705975445088,239.32649266904403,233.33812196988472,235.45901489257812,24703,0.0,0.0
2012-07-03 00:00:00+05:30,236.5818581142764,239.95030106130397,231.63313291359847,238.12051391601562,94548,0.0,0.0
2012-07-04 00:00:00+05:30,237.03928990324204,240.61566201916457,236.29074985362834,237.91258239746094,33559,0.0,0.0
2012-07-05 00:00:00+05:30,239.40968579642248,240.44933179572777,234.71049095595896,236.54025268554688,18857,0.0,0.0
2012-07-06 00:00:00+05:30,237.08089062496327,239.3681120848434,233.4213413655521,236.04124450683594,43220,0.0,0.0
2012-07-09 00:00:00+05:30,236.08282372428994,243.56827508180638,235.7917177617677,241.1147003173828,97949,0.0,0.0
2012-07-10 00:00:00+05:30,243.6930704173631,243.6930704173631,238.20373337934583,241.36427307128906,121587,0.0,0.0
2012-07-11 00:00:00+05:30,240.78206308505102,243.2772139978495,236.62347823038692,238.57801818847656,77587,0.0,0.0
2012-07-12 00:00:00+05:30,238.53639333234355,238.53639333234355,233.71244553460133,235.04319763183594,25693,0.0,0.0
2012-07-13 00:00:00+05:30,235.95807604811907,240.3245894282758,232.1737492227932,233.13021850585938,39178,0.0,0.0
2012-07-16 00:00:00+05:30,234.66888002352923,237.2056313844025,231.38361403299552,231.92422485351562,73985,0.0,0.0
2012-07-17 00:00:00+05:30,234.37784162977104,238.6612045069738,232.04904417081636,237.4967803955078,153659,0.0,0.0
2012-07-18 00:00:00+05:30,238.37003747648535,240.6156575839333,234.71048867095436,238.2452850341797,36794,0.0,0.0
2012-07-19 00:00:00+05:30,237.03929871602605,250.721050847341,231.30045761298214,241.82167053222656,955769,0.0,0.0
2012-07-20 00:00:00+05:30,243.44351782488593,245.77231471507847,238.7858986625184,242.23751831054688,173010,0.0,0.0
2012-07-23 00:00:00+05:30,241.61373480985552,242.27909810920656,237.8710091415445,238.4947967529297,65555,0.0,0.0
2012-07-24 00:00:00+05:30,237.66314810518483,239.74244073952593,236.58192608812354,237.95425415039062,45527,0.0,0.0
2012-07-25 00:00:00+05:30,237.95423046027696,240.11669966109983,232.96392863468006,238.57801818847656,144037,0.0,0.0
2012-07-26 00:00:00+05:30,239.57605547674086,246.89517981039367,237.87104589497372,244.81588745117188,263043,0.0,0.0
2012-07-27 00:00:00+05:30,247.01991513717095,247.01991513717095,239.65921561981784,241.53057861328125,75076,0.0,0.0
2012-07-30 00:00:00+05:30,243.02765709650464,243.19398522593522,238.70271961959367,242.0295867919922,18639,0.0,0.0
2012-07-31 00:00:00+05:30,242.11280322372943,243.60988354384867,240.61569752162384,242.86134338378906,25740,0.0,0.0
2012-08-01 00:00:00+05:30,239.65921177268578,249.26555688078307,239.65921177268578,247.89320373535156,119735,0.0,0.0
2012-08-02 00:00:00+05:30,246.27136777668116,248.68334159873356,223.31597732193967,237.1224822998047,1453014,0.0,0.0
2012-08-03 00:00:00+05:30,236.0827773710798,237.6630339376643,231.3004066094295,232.7143096923828,85670,0.0,0.0
2012-08-06 00:00:00+05:30,234.79366198672506,235.3758739478705,226.22698838805928,227.84884643554688,101964,0.0,0.0
2012-08-07 00:00:00+05:30,221.3198711351862,230.3855802265486,221.19511867716454,225.02099609375,120251,0.0,0.0
2012-08-08 00:00:00+05:30,226.93389899664686,228.3062264288398,224.729854892582,225.76950073242188,167287,0.0,0.0
2012-08-09 00:00:00+05:30,225.395266166658,227.05869986530493,217.07809767342337,218.7415313720703,135891,0.0,0.0
2012-08-10 00:00:00+05:30,219.94756539804803,219.94756539804803,211.4640420537173,215.08201599121094,126308,0.0,0.0
2012-08-13 00:00:00+05:30,216.2879692307022,216.2879692307022,212.1709858136781,214.37503051757812,145573,0.0,0.0
2012-08-14 00:00:00+05:30,209.88374391221294,220.73763822467598,209.88374391221294,218.99102783203125,159216,0.0,0.0
2012-08-16 00:00:00+05:30,218.99105076513928,220.40497965534516,212.58684583076024,213.50173950195312,47990,0.0,0.0
2012-08-17 00:00:00+05:30,212.91952789167044,222.9001307615925,212.91952789167044,219.90594482421875,150908,0.0,0.0
2012-08-21 00:00:00+05:30,220.40495558729594,221.86046001098563,217.7434516311845,219.448486328125,107355,0.0,0.0
2012-08-22 00:00:00+05:30,219.57322969457678,219.57322969457678,216.2463625779923,217.45236206054688,74139,0.0,0.0
2012-08-23 00:00:00+05:30,218.69997134087532,219.28215794789477,213.75124558028836,217.5771484375,74031,0.0,0.0
2012-08-24 00:00:00+05:30,217.90983437894874,218.325692841504,214.6661434474151,215.37310791015625,53322,0.0,0.0
2012-08-27 00:00:00+05:30,213.7512364517024,220.98718340266674,212.4204843779408,216.3711395263672,78855,0.0,0.0
2012-08-28 00:00:00+05:30,217.90983816042325,219.98913050928223,213.75125346270525,218.49205017089844,55797,0.0,0.0
2012-08-29 00:00:00+05:30,216.24638890154276,218.7415395427144,212.08780449959,213.95916748046875,72097,0.0,0.0
2012-08-30 00:00:00+05:30,215.581026918054,221.15351482284152,212.91952273112096,218.4088592529297,39849,0.0,0.0
2012-08-31 00:00:00+05:30,218.40887952225097,232.7975728268561,217.4524100913646,231.21731567382812,458043,0.0,0.0
2012-09-03 00:00:00+05:30,234.33625352109462,234.87686446879198,221.2367113987974,222.60903930664062,39587,0.0,0.0
2012-09-04 00:00:00+05:30,223.44071381184884,235.3342793112855,222.40106780920485,233.04705810546875,132481,0.0,0.0
2012-09-05 00:00:00+05:30,226.22697690787808,237.4135783820352,226.22697690787808,233.6708526611328,79529,0.0,0.0
2012-09-06 00:00:00+05:30,233.71241933014235,241.28104723893844,229.6370121121698,239.70079040527344,296913,0.0,0.0
2012-09-07 00:00:00+05:30,241.36423721737748,245.60597279748794,240.4077425454078,242.90289306640625,167295,0.0,0.0
2012-09-10 00:00:00+05:30,239.950325351046,243.6930513963829,234.29466059088656,236.70663452148438,137292,0.0,0.0
2012-09-11 00:00:00+05:30,237.87103724958652,242.86133873034706,235.04320482021936,242.07119750976562,245166,0.0,0.0
2012-09-12 00:00:00+05:30,242.40390186567535,265.567197340508,242.02961910601616,261.20068359375,821691,0.0,0.0
2012-09-13 00:00:00+05:30,261.99087019446944,270.2248638956119,258.49764843908054,260.1195068359375,439025,0.0,0.0
2012-09-14 00:00:00+05:30,261.2423026319223,261.9908428207269,248.8497249844187,253.09146118164062,200598,0.0,0.0
2012-09-17 00:00:00+05:30,252.84197888157314,254.50541295316245,245.56445481836997,250.3052520751953,191185,0.0,0.0
2012-09-18 00:00:00+05:30,248.1843753201432,254.87971314381576,247.01997646706707,248.3091278076172,83375,0.0,0.0
2012-09-20 00:00:00+05:30,248.39222503520784,249.5150478268252,244.69110038829987,246.64561462402344,109759,0.0,0.0
2012-09-21 00:00:00+05:30,251.17847761808792,257.6658586090732,236.20757497859924,240.82359313964844,350157,0.0,0.0
2012-09-24 00:00:00+05:30,242.86132657798433,245.43965395709273,241.23946852509778,243.734619140625,85015,0.0,0.0
2012-09-25 00:00:00+05:30,244.23363770127665,244.23363770127665,236.45708040294497,238.4947967529297,67875,0.0,0.0
2012-09-26 00:00:00+05:30,237.45522574896188,247.01997214515475,233.29664035931282,245.64764404296875,72500,0.0,0.0
2012-09-27 00:00:00+05:30,245.81392951927324,249.09922155907398,241.61376915830047,243.15245056152344,108451,0.0,0.0
2012-09-28 00:00:00+05:30,244.52471094323485,250.72101053999637,242.02956083156917,247.85157775878906,249141,0.0,0.0
2012-10-01 00:00:00+05:30,248.68335958935583,252.7587674293059,242.8613411374311,251.34486389160156,125504,0.0,0.0
2012-10-03 00:00:00+05:30,246.35450240352864,254.8379977109967,246.35450240352864,252.5092010498047,168402,0.0,0.0
2012-10-04 00:00:00+05:30,252.5092347488505,252.5092347488505,237.16404907742483,240.07505798339844,238724,0.0,0.0
2012-10-05 00:00:00+05:30,244.1088844361857,245.35645965476928,233.8787777965935,235.5006103515625,54460,0.0,0.0
2012-10-08 00:00:00+05:30,236.9977122788455,244.85742080853024,235.37585436628487,236.91453552246094,35900,0.0,0.0
2012-10-09 00:00:00+05:30,235.83331725183848,239.82557360796415,233.3381665475045,234.00355529785156,30595,0.0,0.0
2012-10-10 00:00:00+05:30,231.05095822210473,237.3720121093345,231.05095822210473,231.88267517089844,34427,0.0,0.0
2012-10-11 00:00:00+05:30,232.0489685589334,240.36613589079482,231.71628694205504,239.11856079101562,42612,0.0,0.0
2012-10-12 00:00:00+05:30,234.54415028546262,239.53445135536606,229.76177842680514,236.33233642578125,55438,0.0,0.0
2012-10-15 00:00:00+05:30,236.41550664039565,240.36616154467666,233.79560372763748,234.91842651367188,40527,0.0,0.0
2012-10-16 00:00:00+05:30,233.62925312387443,242.44545662292285,230.46873931383038,237.7462615966797,811102,0.0,0.0
2012-10-17 00:00:00+05:30,239.36810798693358,240.69886007175154,235.3343014232453,238.61956787109375,135015,0.0,0.0
2012-10-18 00:00:00+05:30,238.91065140758784,238.91065140758784,232.04898779013752,233.04705810546875,67710,0.0,0.0
2012-10-19 00:00:00+05:30,233.96195921861553,234.21148952356762,226.3517544843181,229.096435546875,83398,0.0,0.0
2012-10-22 00:00:00+05:30,229.09639428502555,234.5441289718268,227.51611211757344,229.13796997070312,32620,0.0,0.0
2012-10-23 00:00:00+05:30,229.17959063751357,232.04902420793314,226.39335921874226,227.3082275390625,41551,0.0,0.0
2012-10-25 00:00:00+05:30,227.34981751421884,229.5122865099074,224.18927809529393,225.1041717529297,40549,0.0,0.0
2012-10-29 00:00:00+05:30,226.47648724289124,236.20758450376232,226.47648724289124,233.62925720214844,52663,0.0,0.0
2012-10-30 00:00:00+05:30,234.5441764163005,236.20761029159343,231.21730866571468,234.37782287597656,47780,0.0,0.0
2012-10-31 00:00:00+05:30,234.62725789177935,245.35639695334388,234.04504611909954,244.77418518066406,128018,0.0,0.0
2012-11-01 00:00:00+05:30,244.56634497747984,248.68335379680988,242.23754780374875,246.47930908203125,43535,0.0,0.0
2012-11-02 00:00:00+05:30,245.52283633180593,250.63789013413833,243.69304901914117,246.35455322265625,109797,0.0,0.0
2012-11-05 00:00:00+05:30,245.31489496373385,247.6436919900236,236.124408545661,242.32070922851562,65502,0.0,0.0
2012-11-06 00:00:00+05:30,242.32071861117754,245.35648015363057,237.45516977580178,241.23947143554688,34411,0.0,0.0
2012-11-07 00:00:00+05:30,241.36424046951225,243.27717907525914,238.619559630242,239.6176300048828,40467,0.0,0.0
2012-11-08 00:00:00+05:30,237.08091675343755,239.53449201541852,233.87882666229416,235.99969482421875,37464,0.0,0.0
2012-11-09 00:00:00+05:30,234.16985189685275,236.12439142828973,211.96302884962384,230.6350555419922,40100,0.0,0.0
2012-11-12 00:00:00+05:30,230.63509533490696,232.5480595097235,226.68443990372563,227.68251037597656,83115,0.0,0.0
2012-11-15 00:00:00+05:30,226.5596951886573,231.21731524847732,225.39529651919912,225.97750854492188,26733,0.0,0.0
2012-11-16 00:00:00+05:30,223.06645190918897,237.03928374561116,221.5277707804088,232.2569122314453,86796,0.0,0.0
2012-11-19 00:00:00+05:30,231.7163191376199,236.95612513193942,227.9735933182534,230.92617797851562,46636,0.0,0.0
2012-11-20 00:00:00+05:30,224.72990043802722,236.20758268322126,224.72990043802722,230.71824645996094,123339,0.0,0.0
2012-11-21 00:00:00+05:30,233.79561992549952,236.12441703552125,229.88654043869354,234.4609832763672,144559,0.0,0.0
2012-11-22 00:00:00+05:30,235.91647497721323,235.95807604811907,229.2627403026887,233.13021850585938,57318,0.0,0.0
2012-11-23 00:00:00+05:30,232.13213392400942,241.98798180529317,232.13213392400942,238.0789031982422,78473,0.0,0.0
2012-11-26 00:00:00+05:30,238.66119867610803,238.66119867610803,233.71247246924867,234.544189453125,79765,0.0,0.0
2012-11-27 00:00:00+05:30,233.8372249404325,237.78788061384506,231.21732151761967,234.544189453125,118302,0.0,0.0
2012-11-29 00:00:00+05:30,230.55194381373957,237.9126183598797,230.55194381373957,231.46681213378906,36835,0.0,0.0
2012-11-30 00:00:00+05:30,233.9619500017017,235.1263739483004,231.63315287247443,232.4232940673828,82391,0.0,0.0
2012-12-03 00:00:00+05:30,233.96193706125635,235.3758658427874,230.38556480018414,230.71824645996094,20866,0.0,0.0
2012-12-04 00:00:00+05:30,228.9300394850087,233.92034007323778,228.9300394850087,230.3855438232422,25075,0.0,0.0
2012-12-05 00:00:00+05:30,232.54809971537432,233.71249854632438,230.01134740231402,231.13417053222656,87100,0.0,0.0
2012-12-06 00:00:00+05:30,231.79949941521267,232.8807211821934,229.512278046459,231.4252166748047,33039,0.0,0.0
2012-12-07 00:00:00+05:30,231.42522751866454,236.95613982950596,230.3440057010211,235.542236328125,73149,0.0,0.0
2012-12-10 00:00:00+05:30,236.8730034678156,236.91460454911987,226.97557574194786,228.84693908691406,139799,0.0,0.0
2012-12-11 00:00:00+05:30,231.21724994477188,231.21724994477188,226.64280794946163,227.72402954101562,17517,0.0,0.0
2012-12-12 00:00:00+05:30,228.72210991633062,229.80333155586985,222.90009257300582,223.89816284179688,29969,0.0,0.0
2012-12-13 00:00:00+05:30,222.06842078077855,227.34982837387227,222.06842078077855,225.06260681152344,121427,0.0,0.0
2012-12-14 00:00:00+05:30,221.9436649679204,226.22700202546116,219.98912513137674,220.77926635742188,41753,0.0,0.0
2012-12-17 00:00:00+05:30,218.24250405973652,221.56937157705562,213.7512379877527,215.4978485107422,158323,0.0,0.0
2012-12-18 00:00:00+05:30,215.2483172902547,216.57906936784516,209.80058190691273,213.66806030273438,133878,0.0,0.0
2012-12-19 00:00:00+05:30,213.87599786016796,216.2463961248568,206.93116929152308,208.8856964111328,206850,0.0,0.0
2012-12-20 00:00:00+05:30,209.63421908618406,211.04813508848008,205.05977674929088,206.55686950683594,104562,0.0,0.0
2012-12-21 00:00:00+05:30,206.55688813856597,208.76093275057156,198.44764871897206,200.984375,122739,0.0,0.0
2012-12-24 00:00:00+05:30,203.77063649485655,207.92922091311894,201.81609674187624,205.93310546875,68376,0.0,0.0
2012-12-26 00:00:00+05:30,206.5984628289337,208.67775497773934,205.0182058722382,205.80833435058594,38293,0.0,0.0
2012-12-27 00:00:00+05:30,207.47181166355347,207.92925857060777,201.85772168214706,203.562744140625,28267,0.0,0.0
2012-12-28 00:00:00+05:30,205.68359228082085,205.68359228082085,201.27549016463647,201.81610107421875,89144,0.0,0.0
2012-12-31 00:00:00+05:30,204.39439070306278,204.6023198899428,200.8595945261024,201.56655883789062,68142,0.0,0.0
2013-01-01 00:00:00+05:30,202.77256620580584,207.84603126706153,201.5665793374495,204.6023406982422,96768,0.0,0.0
2013-01-02 00:00:00+05:30,205.43405814471492,208.30347868586585,204.93502296756185,207.2222442626953,68007,0.0,0.0
2013-01-03 00:00:00+05:30,208.01238677401918,210.4243605337804,206.26577633350806,206.93115234375,79090,0.0,0.0
2013-01-04 00:00:00+05:30,207.92921779975066,210.42436841334765,206.9727484742687,209.0104522705078,97721,0.0,0.0
2013-01-07 00:00:00+05:30,210.54913261342278,216.24639857536323,210.50755692033732,213.62649536132812,118270,0.0,0.0
2013-01-08 00:00:00+05:30,214.6245224669489,216.16320371209795,213.00268984258955,214.58294677734375,55089,0.0,0.0
2013-01-09 00:00:00+05:30,214.8740691398832,218.94947692940855,212.33733002187572,214.49978637695312,62390,0.0,0.0
2013-01-10 00:00:00+05:30,215.664142365589,218.24246935793957,209.38469107791164,216.16317749023438,68060,0.0,0.0
2013-01-11 00:00:00+05:30,218.90784151722207,230.38552161074182,217.49391300075447,228.5973358154297,557054,0.0,0.0
2013-01-14 00:00:00+05:30,228.84689414362487,231.21729232479038,225.22892064416016,230.30239868164062,83421,0.0,0.0
2013-01-15 00:00:00+05:30,231.96587341903495,237.03935235280872,229.01328813024304,231.0509796142578,517507,0.0,0.0
2013-01-16 00:00:00+05:30,232.83916089020218,234.6273471839976,220.7376645278465,223.4823455810547,144941,0.0,0.0
2013-01-17 00:00:00+05:30,223.7318568106637,231.21730926901304,223.7318568106637,229.4291229248047,259721,0.0,0.0
2013-01-18 00:00:00+05:30,232.04900628144665,233.04707667631118,223.73183759752382,227.10028076171875,101727,0.0,0.0
2013-01-21 00:00:00+05:30,227.14184477020513,229.76174740173838,223.10801354033057,224.52194213867188,22997,0.0,0.0
2013-01-22 00:00:00+05:30,227.3913918419371,228.38946225918616,220.40497506714902,220.65447998046875,17232,0.0,0.0
2013-01-23 00:00:00+05:30,221.07033008717272,222.3595064426685,209.09361244176552,210.63229370117188,387894,0.0,0.0
2013-01-24 00:00:00+05:30,212.08781511950275,212.50367358052137,203.9785751296394,205.2261505126953,39402,0.0,0.0
2013-01-25 00:00:00+05:30,207.47178844697547,215.41468777374263,203.9785798320864,212.42050170898438,87839,0.0,0.0
2013-01-28 00:00:00+05:30,210.67385621979062,215.16513430371222,208.76090514836054,211.04812622070312,38322,0.0,0.0
2013-01-29 00:00:00+05:30,211.08970621238808,215.41463062102142,209.59261357721002,212.8363037109375,68484,0.0,0.0
2013-01-30 00:00:00+05:30,211.7551145896624,214.33344189501096,206.59845997896528,208.30348205566406,26045,0.0,0.0
2013-01-31 00:00:00+05:30,208.38666361122858,224.56355413976505,208.38666361122858,219.53167724609375,83002,0.0,0.0
2013-02-01 00:00:00+05:30,216.66223944157684,220.94557614300777,210.59070389791393,211.87986755371094,46898,0.0,0.0
2013-02-04 00:00:00+05:30,213.54330912789362,216.0800354613317,212.54525140921393,214.3334503173828,55583,0.0,0.0
2013-02-05 00:00:00+05:30,212.66998456921803,219.5732365911533,211.29765691691983,217.70187377929688,84880,0.0,0.0
2013-02-06 00:00:00+05:30,216.66220448860898,217.90977956243972,214.16705434094746,215.62255859375,41162,0.0,0.0
2013-02-07 00:00:00+05:30,215.99688399021954,217.78507020666223,213.5017333490479,213.95916748046875,32416,0.0,0.0
2013-02-08 00:00:00+05:30,214.58293285704497,216.24636644508408,212.0877824749863,213.33535766601562,24896,0.0,0.0
2013-02-11 00:00:00+05:30,214.12547865794502,216.2463461306654,212.91947926711669,215.62255859375,15680,0.0,0.0
2013-02-12 00:00:00+05:30,204.89346772655387,215.41468165776567,204.89346772655387,213.62649536132812,10452,0.0,0.0
2013-02-13 00:00:00+05:30,215.24833980702115,219.4901013934459,215.24833980702115,217.2860565185547,43444,0.0,0.0
2013-02-14 00:00:00+05:30,215.53943674742467,218.6999763020285,212.42049826839965,216.45433044433594,40342,0.0,0.0
2013-02-15 00:00:00+05:30,211.2560648106975,216.1216131120647,208.76091443891758,210.34117126464844,29309,0.0,0.0
2013-02-18 00:00:00+05:30,211.25609214923315,240.69886527001265,203.47953407442924,214.37503051757812,482420,0.0,0.0
2013-02-19 00:00:00+05:30,212.08777868226167,219.49005294026583,212.08777868226167,217.45236206054688,71391,0.0,0.0
2013-02-20 00:00:00+05:30,217.53554761746634,219.9475469616088,213.9591750579222,215.6641845703125,167816,0.0,0.0
2013-02-21 00:00:00+05:30,214.58295752762552,218.4088602963756,212.91952374834162,214.5413818359375,52751,0.0,0.0
2013-02-22 00:00:00+05:30,214.91562259418822,217.49394982917158,213.12743649608115,213.8759765625,34603,0.0,0.0
2013-02-25 00:00:00+05:30,214.6661205134165,214.91562541149912,209.21837269775793,211.38082885742188,68603,0.0,0.0
2013-02-26 00:00:00+05:30,211.38082434535838,213.70964666634794,210.0084966712301,211.33924865722656,18912,0.0,0.0
2013-02-27 00:00:00+05:30,212.91952533870418,213.75124223455848,209.59265775528692,212.3373260498047,30706,0.0,0.0
2013-02-28 00:00:00+05:30,214.70766718618063,224.39716194266867,212.33728213779446,219.69796752929688,106724,0.0,0.0
2013-03-01 00:00:00+05:30,220.52971741878468,224.48037245122714,215.4146638742297,218.36724853515625,25394,0.0,0.0
2013-03-04 00:00:00+05:30,218.53359369407576,222.06839016676778,215.0403729094458,220.90399169921875,32104,0.0,0.0
2013-03-05 00:00:00+05:30,222.85854384259224,223.35755365536218,210.42436657405867,218.076171875,30488,0.0,0.0
2013-03-06 00:00:00+05:30,220.73761880411809,228.5141754377215,214.6660967250801,226.97549438476562,58822,0.0,0.0
2013-03-07 00:00:00+05:30,224.56352964225488,236.20756451259402,223.73181286580208,233.58766174316406,265938,0.0,0.0
2013-03-08 00:00:00+05:30,226.2269748697582,237.74625789448623,226.2269748697582,230.0112762451172,54080,0.0,0.0
2013-03-11 00:00:00+05:30,230.63504549772782,231.54993900259706,226.31013361049844,227.55770874023438,32445,0.0,0.0
2013-03-12 00:00:00+05:30,229.30436428264704,230.13608120005674,223.73185078320768,225.72796630859375,59418,0.0,0.0
2013-03-13 00:00:00+05:30,224.52197853333342,239.45128107569556,224.52197853333342,234.3362274169922,227943,0.0,0.0
2013-03-14 00:00:00+05:30,232.83916396464318,235.3758904402685,230.63509380157458,233.46295166015625,33245,0.0,0.0
2013-03-15 00:00:00+05:30,234.41940382209455,237.7046702144952,227.89042134582635,229.80335998535156,23508,0.0,0.0
2013-03-18 00:00:00+05:30,225.9775048073333,235.9165071015925,225.64479772271608,233.79563903808594,126531,0.0,0.0
2013-03-19 00:00:00+05:30,225.47842528796102,236.20756672845573,225.47842528796102,233.4213104248047,80119,0.0,0.0
2013-03-20 00:00:00+05:30,231.757847975329,234.8352098463742,227.51608782782688,231.3835906982422,60520,0.0,0.0
2013-03-21 00:00:00+05:30,232.75595093830566,232.75595093830566,223.19120776370517,224.72988891601562,48254,0.0,0.0
2013-03-22 00:00:00+05:30,225.5616477327937,227.89044504763896,214.58297380398122,225.39529418945312,203094,0.0,0.0
2013-03-25 00:00:00+05:30,224.35564566753112,227.10030143022425,222.98331778618456,224.81307983398438,75831,0.0,0.0
2013-03-26 00:00:00+05:30,223.73180275906358,233.71240362563893,223.3575200737748,229.38746643066406,59972,0.0,0.0
2013-03-28 00:00:00+05:30,229.59545386407285,236.20761376848546,220.48816849198013,234.87686157226562,59903,0.0,0.0
2013-04-01 00:00:00+05:30,229.96967950273307,236.0828026418601,229.96967950273307,232.7559356689453,13848,0.0,0.0
2013-04-02 00:00:00+05:30,230.3855984960765,240.0335203325985,230.3855984960765,235.3759002685547,33178,0.0,0.0
2013-04-03 00:00:00+05:30,232.88073655050198,242.44548108739758,232.88073655050198,235.5838165283203,36756,0.0,0.0
2013-04-04 00:00:00+05:30,234.96004200667787,234.96004200667787,228.0568013677722,231.21731567382812,37146,0.0,0.0
2013-04-05 00:00:00+05:30,230.55191649870048,231.9658198870719,226.2269788098367,227.80723571777344,10761,0.0,0.0
2013-04-08 00:00:00+05:30,224.77150239895465,235.37589335394696,224.77150239895465,234.37782287597656,20428,0.0,0.0
2013-04-09 00:00:00+05:30,234.7104806315837,252.75871915643378,233.296551981931,235.7917022705078,741799,0.0,0.0
2013-04-10 00:00:00+05:30,237.03936909906588,247.8516911983215,236.70668734164084,241.03160095214844,251351,0.0,0.0
2013-04-11 00:00:00+05:30,241.82166081050917,245.68913887347247,236.2075723824062,237.2056427001953,85652,0.0,0.0
2013-04-12 00:00:00+05:30,235.3758475182857,237.03928106965165,230.38554686418775,234.75205993652344,50911,0.0,0.0
2013-04-15 00:00:00+05:30,231.42524896794652,241.11474667852676,230.51035521638366,232.79757690429688,57447,0.0,0.0
2013-04-16 00:00:00+05:30,230.21924474209183,235.45907682763465,224.6467563304037,225.97750854492188,80925,0.0,0.0
2013-04-17 00:00:00+05:30,226.22693474916002,228.2646507480376,219.57320137418475,225.76950073242188,214528,0.0,0.0
2013-04-18 00:00:00+05:30,224.3971945113405,229.22116743901844,223.02486679420196,225.68637084960938,49871,0.0,0.0
2013-04-22 00:00:00+05:30,223.7318888607882,233.2966350388516,223.7318888607882,227.01718139648438,155702,0.0,0.0
2013-04-23 00:00:00+05:30,228.72210623524475,230.26078729904168,222.77533654952458,224.93780517578125,97302,0.0,0.0
2013-04-25 00:00:00+05:30,224.56354902770855,227.72406289826793,222.85853964158804,225.22891235351562,87914,0.0,0.0
2013-04-26 00:00:00+05:30,229.7202167437639,231.1757213112302,218.86629602575243,220.86241149902344,136667,0.0,0.0
2013-04-29 00:00:00+05:30,219.57322845229362,222.06837877561514,215.62257377370122,217.1612548828125,81392,0.0,0.0
2013-04-30 00:00:00+05:30,218.9494623462256,219.57324998823765,212.91951514010924,216.32955932617188,125848,0.0,0.0
2013-05-02 00:00:00+05:30,216.2463706046404,220.32177789733132,212.08778655455117,216.08001708984375,92062,0.0,0.0
2013-05-03 00:00:00+05:30,214.58295752762552,219.5732588654773,212.91952374834162,214.5413818359375,44549,0.0,0.0
2013-05-06 00:00:00+05:30,215.53940271278648,219.57323425176267,213.79279236393282,217.4939422607422,40298,0.0,0.0
2013-05-07 00:00:00+05:30,218.28413838241252,219.1574310859367,215.49788133585201,217.95143127441406,81537,0.0,0.0
2013-05-08 00:00:00+05:30,217.16128128390952,220.32179525822613,215.04038802205244,219.36532592773438,104646,0.0,0.0
2013-05-09 00:00:00+05:30,219.24058266317226,220.86241540930027,216.24639670926226,216.41275024414062,65791,0.0,0.0
2013-05-10 00:00:00+05:30,214.62452271494763,219.57324811890595,214.62452271494763,218.36724853515625,54877,0.0,0.0
2013-05-13 00:00:00+05:30,219.07422495105166,228.1815350992921,217.1196851724355,222.40109252929688,137440,0.0,0.0
2013-05-14 00:00:00+05:30,223.3160144632513,226.22702396277225,218.82474774038806,219.5732879638672,46375,0.0,0.0
2013-05-15 00:00:00+05:30,219.57326730106172,221.81891314216247,214.16710731069466,217.32762145996094,87046,0.0,0.0
2013-05-16 00:00:00+05:30,217.99301302045293,219.15741164921275,215.4146854540649,216.7454376220703,43354,0.0,0.0
2013-05-17 00:00:00+05:30,216.24635298004623,224.064485280621,206.9311280052577,217.41075134277344,859369,0.0,0.0
2013-05-20 00:00:00+05:30,225.64476183610947,225.64476183610947,212.25412872449226,214.8324432373047,190866,0.0,0.0
2013-05-21 00:00:00+05:30,213.33536405401136,218.3256649675555,213.00268240283836,216.28794860839844,124996,0.0,0.0
2013-05-22 00:00:00+05:30,217.07808144307427,220.32177183651692,216.4127181661565,218.82469177246094,177600,0.0,0.0
2013-05-23 00:00:00+05:30,217.9097900390625,218.74150679493678,215.0403570785038,217.9097900390625,70739,0.0,0.0
2013-05-24 00:00:00+05:30,217.99295636920618,219.98907141147768,217.07806290508762,218.69992065429688,24319,0.0,0.0
2013-05-27 00:00:00+05:30,219.07422260867042,220.32179793717307,216.66224871662894,218.4088592529297,20163,0.0,0.0
2013-05-28 00:00:00+05:30,219.40688624066175,222.06839020869018,217.20284175131667,218.99102783203125,50724,0.0,0.0
2013-05-29 00:00:00+05:30,218.74150352935274,222.06837050318322,214.8324246823097,216.62063598632812,54225,0.0,0.0
2013-05-30 00:00:00+05:30,216.95336331367506,224.56356804318582,216.28797454954065,220.03070068359375,190859,0.0,0.0
2013-05-31 00:00:00+05:30,217.95140009756975,222.0684088412407,217.16128428406722,220.65447998046875,277415,0.0,0.0
2013-06-03 00:00:00+05:30,221.23670197980906,221.6525604421771,217.90983428086454,219.15740966796875,30049,0.0,0.0
2013-06-04 00:00:00+05:30,219.61482391106637,220.44654076038984,217.41077933675598,218.7415313720703,123805,0.0,0.0
2013-06-05 00:00:00+05:30,218.6583706730838,219.7396178858216,216.24639670926226,216.41275024414062,40647,0.0,0.0
2013-06-06 00:00:00+05:30,216.4127429845947,219.40690345608007,215.0819908961651,216.95335388183594,30260,0.0,0.0
2013-06-07 00:00:00+05:30,216.24636012778643,217.57711203573834,215.91367849629384,216.87014770507812,31840,0.0,0.0
2013-06-10 00:00:00+05:30,218.2425117873887,222.35952063864238,217.909830100274,221.3614501953125,57629,0.0,0.0
2013-06-11 00:00:00+05:30,221.9020252679344,223.5654588168154,216.70379542768123,217.1612548828125,58232,0.0,0.0
2013-06-12 00:00:00+05:30,217.61869128357534,218.53358482164177,216.66222205913485,217.3691864013672,25527,0.0,0.0
2013-06-13 00:00:00+05:30,216.41270789139708,217.49392951055012,215.70574357949818,216.53746032714844,29440,0.0,0.0
2013-06-14 00:00:00+05:30,217.07810898130748,220.28022409440197,217.07810898130748,219.4069061279297,24982,0.0,0.0
2013-06-17 00:00:00+05:30,219.57326143231555,231.05094449075605,219.3237565153003,226.8507843017578,427584,0.0,0.0
2013-06-18 00:00:00+05:30,227.93199224662567,233.9203637104056,227.93199224662567,230.92617797851562,176471,0.0,0.0
2013-06-19 00:00:00+05:30,231.63312224210364,235.37584773614122,231.2588395399072,233.58766174316406,67429,0.0,0.0
2013-06-20 00:00:00+05:30,235.7747462913857,236.24648303385226,231.7865645687883,232.85865783691406,57161,8.5,0.0
2013-06-21 00:00:00+05:30,233.28751849237557,240.0631433902276,223.98174275885978,237.87608337402344,102332,0.0,0.0
2013-06-24 00:00:00+05:30,237.87610650377056,237.87610650377056,228.31303789995528,229.85684204101562,24508,0.0,0.0
2013-06-25 00:00:00+05:30,230.71445160728942,233.2446019737579,226.42607890083423,229.81390380859375,21789,0.0,0.0
2013-06-26 00:00:00+05:30,231.31488338476743,231.31488338476743,227.4124476885659,228.2272491455078,11841,0.0,0.0
2013-06-27 00:00:00+05:30,228.22724079475054,231.65793956303193,225.56844401450158,226.68341064453125,57408,0.0,0.0
2013-06-28 00:00:00+05:30,228.78473640356967,236.71822773152851,227.28380561179367,232.77291870117188,26979,0.0,0.0
2013-07-01 00:00:00+05:30,230.714453254506,238.6479428180903,230.714453254506,237.3185577392578,28885,0.0,0.0
2013-07-02 00:00:00+05:30,235.8605217368707,237.31857906817777,230.71447398988445,233.6734619140625,21366,0.0,0.0
2013-07-03 00:00:00+05:30,231.78656829558457,232.81578831919452,223.85307798389482,224.45346069335938,28417,0.0,0.0
2013-07-04 00:00:00+05:30,226.12587049058942,228.9562119674805,224.96800471250435,227.15509033203125,13622,0.0,0.0
2013-07-05 00:00:00+05:30,228.99912500014514,230.71447425108258,224.28191456006726,225.39688110351562,24826,0.0,0.0
2013-07-08 00:00:00+05:30,225.99724117476893,228.5273915361388,223.03825354361774,223.93882751464844,104554,0.0,0.0
2013-07-09 00:00:00+05:30,224.71071283921782,228.09853749099491,224.53916747426157,227.15509033203125,65927,0.0,0.0
2013-07-10 00:00:00+05:30,227.92700746895324,230.7144497051681,225.2253379209903,229.12774658203125,42548,0.0,0.0
2013-07-11 00:00:00+05:30,229.85681140881746,231.4006153441406,227.28378740050982,228.3558807373047,267993,0.0,0.0
2013-07-12 00:00:00+05:30,231.57212512897993,235.00282327903892,226.9406878612303,227.28375244140625,48792,0.0,0.0
2013-07-15 00:00:00+05:30,230.7144637307013,231.5721383170608,222.6523278537524,224.0246124267578,78834,0.0,0.0
2013-07-16 00:00:00+05:30,223.6815425840217,230.3714206881256,218.70703998730525,224.32479858398438,432438,0.0,0.0
2013-07-17 00:00:00+05:30,224.3247526762657,229.6852182456101,221.02272682486816,222.35211181640625,83352,0.0,0.0
2013-07-18 00:00:00+05:30,227.28375606609944,227.28375606609944,222.9953833101353,223.85305786132812,73705,0.0,0.0
2013-07-19 00:00:00+05:30,224.62493669249463,228.14140722668276,224.62493669249463,225.73992919921875,110306,0.0,0.0
2013-07-22 00:00:00+05:30,225.7828608422875,226.64053552734842,223.16696352251336,224.92518615722656,18725,0.0,0.0
2013-07-23 00:00:00+05:30,224.53923734132795,225.1396201313406,220.0793443803626,221.92333984375,84805,0.0,0.0
2013-07-24 00:00:00+05:30,222.7809981903591,222.7809981903591,217.84936877902294,218.79281616210938,16644,0.0,0.0
2013-07-25 00:00:00+05:30,218.7070217734781,219.5646963686682,207.29994704003448,211.3739013671875,31075,0.0,0.0
2013-07-26 00:00:00+05:30,209.444174191374,213.26082426355342,206.9998089727567,209.487060546875,39889,0.0,0.0
2013-07-29 00:00:00+05:30,210.55913089480566,211.8456428961996,204.21234358942638,205.4988555908203,95087,0.0,0.0
2013-07-30 00:00:00+05:30,205.84190470740526,205.84190470740526,202.75427090196385,203.99790954589844,17953,0.0,0.0
2013-07-31 00:00:00+05:30,202.5398581329393,210.13028382427947,202.5398581329393,206.01344299316406,112007,0.0,0.0
2013-08-01 00:00:00+05:30,205.84189757654562,211.63120094588595,204.16943477615126,205.79901123046875,29871,0.0,0.0
2013-08-02 00:00:00+05:30,206.69957461892946,206.69957461892946,202.58273400080537,204.89845275878906,34163,0.0,0.0
2013-08-05 00:00:00+05:30,204.98422974667722,207.9003181567787,202.8400432430509,204.46961975097656,14644,0.0,0.0
2013-08-06 00:00:00+05:30,202.4111875591856,217.67779669589504,201.55351303562975,212.27444458007812,71800,0.0,0.0
2013-08-07 00:00:00+05:30,212.70331661497397,222.90963987900693,212.70331661497397,220.7225799560547,71217,0.0,0.0
2013-08-08 00:00:00+05:30,219.56471043881055,221.92331572672745,212.7033132375977,216.09112548828125,26526,0.0,0.0
2013-08-12 00:00:00+05:30,216.13401362353034,218.70703759523903,211.93141303790347,216.56285095214844,10078,0.0,0.0
2013-08-13 00:00:00+05:30,212.10291107563458,221.28002580760483,208.02895711212247,212.6175079345703,56804,0.0,0.0
2013-08-14 00:00:00+05:30,212.70327888731856,216.99165144553064,212.70327888731856,214.33285522460938,21343,0.0,0.0
2013-08-16 00:00:00+05:30,211.8885134330667,222.95252367155751,211.15948478518916,219.2216339111328,77721,0.0,0.0
2013-08-19 00:00:00+05:30,218.7070359377867,221.0227679644363,212.9177320453159,217.59205627441406,29379,0.0,0.0
2013-08-20 00:00:00+05:30,217.84935821451955,222.09485814544786,214.76172428058555,221.36582946777344,57483,0.0,0.0
2013-08-21 00:00:00+05:30,220.42236451997434,221.88042175883288,218.23529174876185,220.0792999267578,28812,0.0,0.0
2013-08-22 00:00:00+05:30,220.42236729435643,221.79465185864566,214.4186452279732,218.4925994873047,121537,0.0,0.0
2013-08-23 00:00:00+05:30,217.07745149917173,221.280051901225,214.50442763985515,220.76544189453125,145630,0.0,0.0
2013-08-26 00:00:00+05:30,220.42239820068596,222.051974898078,218.27821144776098,221.49449157714844,10855,0.0,0.0
2013-08-27 00:00:00+05:30,219.56473943923436,227.28381231014495,219.56473943923436,223.12408447265625,57137,0.0,0.0
2013-08-28 00:00:00+05:30,222.99541837032712,230.45719860853436,221.28006899824766,229.427978515625,157696,0.0,0.0
2013-08-29 00:00:00+05:30,230.71449196844705,241.7356169869008,230.71449196844705,240.06314086914062,98772,0.0,0.0
2013-08-30 00:00:00+05:30,240.14890846631204,249.4117844660654,239.80584383190524,241.8642578125,62820,0.0,0.0
2013-09-02 00:00:00+05:30,239.3769923919813,256.40183888467436,239.3769923919813,252.84246826171875,143144,0.0,0.0
2013-09-03 00:00:00+05:30,253.14264294050182,256.2731498718244,240.14887849938316,241.39251708984375,39689,0.0,0.0
2013-09-04 00:00:00+05:30,241.60693951813835,250.01213992769374,241.60693951813835,247.7821807861328,34683,0.0,0.0
2013-09-05 00:00:00+05:30,249.11161688792725,252.54231554750055,248.72565281906384,250.9556121826172,52202,0.0,0.0
2013-09-06 00:00:00+05:30,248.7684816059861,252.8424355358579,245.8523935015392,251.08421325683594,27327,0.0,0.0
2013-09-10 00:00:00+05:30,244.60882514286746,251.29867706609173,244.4372797400551,248.55410766601562,50461,0.0,0.0
2013-09-11 00:00:00+05:30,243.1507488449359,248.2967964395377,243.1507488449359,245.0376434326172,9204,0.0,0.0
2013-09-12 00:00:00+05:30,244.48017184257174,245.63803796539273,235.86055125719818,243.0221405029297,16104,0.0,0.0
2013-09-13 00:00:00+05:30,241.86421286514633,244.4372364062649,236.80393846910957,240.0202178955078,12778,0.0,0.0
2013-09-16 00:00:00+05:30,239.3769567173905,240.14885852782885,234.14513706463313,235.04568481445312,11254,0.0,0.0
2013-09-17 00:00:00+05:30,234.23090235528528,238.81946599214496,233.80206512145068,236.4608612060547,9197,0.0,0.0
2013-09-18 00:00:00+05:30,235.0885624553701,244.00837113916046,235.0885624553701,243.2793426513672,45521,0.0,0.0
2013-09-19 00:00:00+05:30,243.57960615219545,244.95189085830617,237.61875672916156,240.23468017578125,36222,0.0,0.0
2013-09-20 00:00:00+05:30,237.57583145135305,248.382535156533,235.00280800603156,242.2501678466797,70540,0.0,0.0
2013-09-23 00:00:00+05:30,240.14888187106564,245.89531201406936,237.10414758843214,238.43353271484375,47620,0.0,0.0
2013-09-24 00:00:00+05:30,236.71816750871454,243.92262824154125,236.03203836240692,238.30487060546875,62310,0.0,0.0
2013-09-25 00:00:00+05:30,236.8468279055674,248.72562596674015,236.8468279055674,246.02395629882812,136316,0.0,0.0
2013-09-26 00:00:00+05:30,244.0513056484905,252.02769541693849,243.5795950713584,247.1818389892578,39217,0.0,0.0
2013-09-27 00:00:00+05:30,248.29677904032047,249.06868089058995,240.4490622433061,242.3788299560547,35313,0.0,0.0
2013-09-30 00:00:00+05:30,241.00660051618303,254.7293962751116,237.27571018439318,241.6498565673828,151478,0.0,0.0
2013-10-01 00:00:00+05:30,241.04945578711485,242.6790586011501,237.74742924346833,239.3341064453125,18435,0.0,0.0
2013-10-03 00:00:00+05:30,238.86240098149014,243.3651931005308,236.71821425813744,237.96185302734375,55133,0.0,0.0
2013-10-04 00:00:00+05:30,235.9034266491052,243.15078866813525,235.9034266491052,241.30679321289062,173142,0.0,0.0
2013-10-07 00:00:00+05:30,241.86423300168724,248.72562968258615,241.56404166206767,244.56590270996094,44627,0.0,0.0
2013-10-08 00:00:00+05:30,244.43723241660507,247.8679304154346,239.3769581031612,244.8231964111328,33826,0.0,0.0
2013-10-09 00:00:00+05:30,243.57953204892843,247.01022968342036,243.57953204892843,246.36697387695312,16892,0.0,0.0
2013-10-10 00:00:00+05:30,244.95194121295475,261.4621819957939,244.95194121295475,259.5752868652344,200815,0.0,0.0
2013-10-11 00:00:00+05:30,261.59078656829377,265.5789687352417,253.142685439372,255.67283630371094,127692,0.0,0.0
2013-10-14 00:00:00+05:30,257.25955294110685,261.59079997929825,250.9127388219562,254.38633728027344,48322,0.0,0.0
2013-10-15 00:00:00+05:30,258.1600605685941,265.53606753395576,244.43726665132658,246.8387451171875,562202,0.0,0.0
2013-10-17 00:00:00+05:30,248.42545314051955,252.07057034436983,237.4043288305181,238.56219482421875,216079,0.0,0.0
2013-10-18 00:00:00+05:30,241.0066237561568,243.83694018469748,233.93080651064687,235.1315460205078,117935,0.0,0.0
2013-10-21 00:00:00+05:30,236.28939732245524,240.14893375784925,234.8313397549771,236.16075134277344,428838,0.0,0.0
2013-10-22 00:00:00+05:30,236.1607239970598,239.93448728430573,235.7747599285496,237.5758819580078,139102,0.0,0.0
2013-10-23 00:00:00+05:30,237.5758896775658,239.29123906151938,234.6169015205842,235.08863830566406,113524,0.0,0.0
2013-10-24 00:00:00+05:30,235.68897794885933,238.17625531617884,235.00284871424518,235.9033966064453,267412,0.0,0.0
2013-10-25 00:00:00+05:30,235.8605486491388,239.72008489976105,235.47458455441443,237.7045440673828,45742,0.0,0.0
2013-10-28 00:00:00+05:30,235.90340501329402,239.63429502307784,235.90340501329402,237.44723510742188,41287,0.0,0.0
2013-10-29 00:00:00+05:30,235.21727985523088,242.2073232286777,235.0028611862653,240.49197387695312,312085,0.0,0.0
2013-10-30 00:00:00+05:30,241.00655246794364,242.6790283372924,237.5758542121722,238.39065551757812,60149,0.0,0.0
2013-10-31 00:00:00+05:30,238.4335832194569,241.47831814702118,238.0047458395658,240.53489685058594,49942,0.0,0.0
2013-11-01 00:00:00+05:30,239.5485027581482,244.0941937942086,239.5485027581482,241.34962463378906,34314,0.0,0.0
2013-11-05 00:00:00+05:30,238.94810392345218,243.15070343942776,238.43349402525897,241.26380920410156,26334,0.0,0.0
2013-11-06 00:00:00+05:30,240.19181664003005,246.1526669540508,240.19181664003005,243.96560668945312,107067,0.0,0.0
2013-11-07 00:00:00+05:30,243.83694109131568,254.64364906856147,243.83694109131568,252.4565887451172,188153,0.0,0.0
2013-11-08 00:00:00+05:30,251.12707264120968,254.7293158604098,251.12707264120968,252.71377563476562,56327,0.0,0.0
2013-11-11 00:00:00+05:30,252.1563458001226,262.4055682844487,250.26945111018838,255.20108032226562,201939,0.0,0.0
2013-11-12 00:00:00+05:30,252.1563057596724,257.94560869803223,252.1563057596724,255.3297119140625,193917,0.0,0.0
2013-11-13 00:00:00+05:30,255.62988099845566,258.0742586227642,251.55592701599116,255.37258911132812,35637,0.0,0.0
2013-11-14 00:00:00+05:30,256.7878052331914,260.6473414626707,255.58706586329555,259.9612121582031,248619,0.0,0.0
2013-11-18 00:00:00+05:30,255.58704622447587,270.16751530439564,255.58704622447587,269.7386779785156,153815,0.0,0.0
2013-11-19 00:00:00+05:30,270.1674701576377,275.2277445225859,268.70941302363536,270.7678527832031,170938,0.0,0.0
2013-11-20 00:00:00+05:30,266.30790581822816,276.68577147302693,262.4483709512973,267.5515441894531,88139,0.0,0.0
2013-11-21 00:00:00+05:30,265.0213981041541,270.1674446692833,265.0213981041541,267.59442138671875,37934,0.0,0.0
2013-11-22 00:00:00+05:30,268.4521359582111,275.3564056625561,266.9512054856013,269.2669372558594,36141,0.0,0.0
2013-11-25 00:00:00+05:30,270.1675279330017,273.16938935447945,264.37822376300875,268.92388916015625,93653,0.0,0.0
2013-11-26 00:00:00+05:30,271.8400091506979,284.57645762425733,268.5379562903046,277.0289306640625,453549,0.0,0.0
2013-11-27 00:00:00+05:30,278.74423904094726,278.74423904094726,272.0972610330478,273.255126953125,50940,0.0,0.0
2013-11-28 00:00:00+05:30,271.0680531052119,276.1712275624396,266.95122540002893,269.4384765625,29419,0.0,0.0
2013-11-29 00:00:00+05:30,266.1364300481776,274.37011181852625,266.1364300481776,273.16937255859375,134139,0.0,0.0
2013-12-02 00:00:00+05:30,270.42480568504993,278.57271483021253,270.42480568504993,275.9568176269531,133991,0.0,0.0
2013-12-03 00:00:00+05:30,274.455914752494,277.88661368690015,273.21227591910946,276.6429748535156,26322,0.0,0.0
2013-12-04 00:00:00+05:30,276.60004138592006,293.7535323245818,276.60004138592006,288.39306640625,223829,0.0,0.0
2013-12-05 00:00:00+05:30,290.5372641924361,294.8685103550172,282.38935567633825,285.9486999511719,143723,0.0,0.0
2013-12-06 00:00:00+05:30,283.97607920530095,290.53728498186905,283.93317976870856,285.6485290527344,31819,0.0,0.0
2013-12-09 00:00:00+05:30,284.061893576974,290.75174629643277,281.7461612341539,284.1047668457031,108978,0.0,0.0
2013-12-10 00:00:00+05:30,280.8884704573361,285.82010009131983,276.64297012885316,280.9742431640625,84015,0.0,0.0
2013-12-11 00:00:00+05:30,276.8573198024275,288.1786337404623,276.8573198024275,283.2041320800781,148735,0.0,0.0
2013-12-12 00:00:00+05:30,283.07555950919823,296.4981911746848,282.9040402523363,291.3521423339844,151068,0.0,0.0
2013-12-13 00:00:00+05:30,286.89216883220615,290.75170473577845,283.0326329286339,287.70697021484375,29321,0.0,0.0
2013-12-16 00:00:00+05:30,284.06187884482165,295.8977795574578,284.06187884482165,291.1376953125,55009,0.0,0.0
2013-12-17 00:00:00+05:30,291.6093348808018,301.9014290530653,291.6093348808018,300.05743408203125,125120,0.0,0.0
2013-12-18 00:00:00+05:30,302.0730199668297,306.1040750875415,296.36946264716613,299.02825927734375,87833,0.0,0.0
2013-12-19 00:00:00+05:30,299.0281541062923,307.56202427893027,294.18229930877527,295.9405212402344,267422,0.0,0.0
2013-12-20 00:00:00+05:30,296.7554295859659,303.8741187277598,295.8977549339833,297.4415588378906,124672,0.0,0.0
2013-12-23 00:00:00+05:30,299.2426660740159,305.3321610374012,294.26816380767406,298.47076416015625,92539,0.0,0.0
2013-12-24 00:00:00+05:30,300.18607370476974,310.1351030966718,298.51359796732663,305.5465393066406,137633,0.0,0.0
2013-12-26 00:00:00+05:30,305.33215966949257,307.86231022630216,300.22898529524343,301.21533203125,37387,0.0,0.0
2013-12-27 00:00:00+05:30,307.0475537927563,309.6205779865503,302.3732160377015,305.0320129394531,287828,0.0,0.0
2013-12-30 00:00:00+05:30,301.9014720162429,310.4353451181813,301.9014720162429,303.6168212890625,59304,0.0,0.0
2013-12-31 00:00:00+05:30,305.33214503123435,313.90889067817915,302.887767287025,309.66339111328125,105234,0.0,0.0
2014-01-01 00:00:00+05:30,307.0474597441446,320.29854075304115,306.1469120218166,315.838623046875,153416,0.0,0.0
2014-01-02 00:00:00+05:30,318.62613973897095,322.4856757519598,310.4782303782166,314.55218505859375,98914,0.0,0.0
2014-01-03 00:00:00+05:30,314.76661968139797,326.7740656637946,314.76661968139797,324.5870056152344,159649,0.0,0.0
2014-01-06 00:00:00+05:30,325.0587271372685,332.1774170244381,325.0587271372685,326.51678466796875,124280,0.0,0.0
2014-01-07 00:00:00+05:30,331.79140193860025,334.4072988230737,324.2867496931356,331.9629211425781,96569,0.0,0.0
2014-01-08 00:00:00+05:30,334.8361847237193,336.9374981272908,327.20288542312204,329.7759094238281,119435,0.0,0.0
2014-01-09 00:00:00+05:30,330.20469488099565,330.20469488099565,312.2793023937144,313.48004150390625,78187,0.0,0.0
2014-01-10 00:00:00+05:30,318.1972514307776,328.4893458166788,315.62422783430236,322.7000427246094,215635,0.0,0.0
2014-01-13 00:00:00+05:30,323.3862518676691,328.14636240301326,318.4117488204067,319.1407775878906,81967,0.0,0.0
2014-01-14 00:00:00+05:30,320.21278894192255,342.1263625722125,302.75910713433433,333.97845458984375,1873905,0.0,0.0
2014-01-15 00:00:00+05:30,333.6354204911659,337.92379350519116,318.5832416815979,322.6571960449219,317537,0.0,0.0
2014-01-16 00:00:00+05:30,322.4856403328568,346.41475575038487,318.9262960799706,335.0505676269531,407280,0.0,0.0
2014-01-17 00:00:00+05:30,336.8088393186211,339.38186322121055,326.77403562886116,334.06427001953125,188921,0.0,0.0
2014-01-20 00:00:00+05:30,333.63538394395357,355.9349211741407,332.8634821208153,353.9622802734375,324691,0.0,0.0
2014-01-21 00:00:00+05:30,353.7908073560918,361.8958435942748,347.3582472223447,348.51611328125,243518,0.0,0.0
2014-01-22 00:00:00+05:30,347.35818819316046,355.1630317306022,347.35818819316046,348.7733459472656,80637,0.0,0.0
2014-01-23 00:00:00+05:30,345.6857931965384,352.50431784346483,344.0133431594388,345.47137451171875,40139,0.0,0.0
2014-01-24 00:00:00+05:30,343.0698908978358,349.9312887157925,339.12458191767956,340.79705810546875,57515,0.0,0.0
2014-01-27 00:00:00+05:30,340.79699401818027,343.970374207734,329.5185787106647,334.10711669921875,52355,0.0,0.0
2014-01-28 00:00:00+05:30,335.7796073674463,344.7851907068031,332.1773635620429,333.50677490234375,60945,0.0,0.0
2014-01-29 00:00:00+05:30,335.350781595846,343.79888196806553,331.10528169165957,334.5359802246094,99548,0.0,0.0
2014-01-30 00:00:00+05:30,334.4931073583741,339.4676097673761,326.17365293646634,330.5906982421875,40761,0.0,0.0
2014-01-31 00:00:00+05:30,328.57512271062774,347.01512538807395,328.57512271062774,345.0853576660156,91491,0.0,0.0
2014-02-03 00:00:00+05:30,344.8709156464689,355.07723678293627,336.4656899891473,342.59808349609375,101274,0.0,0.0
2014-02-04 00:00:00+05:30,341.354436822639,342.9411398165687,330.7192786991752,337.23760986328125,34930,0.0,0.0
2014-02-05 00:00:00+05:30,339.3389211095301,342.5123273266285,335.35073979690316,336.9803161621094,20546,0.0,0.0
2014-02-06 00:00:00+05:30,341.2687664141422,341.2687664141422,330.0332223288423,332.0058898925781,51947,0.0,0.0
2014-02-07 00:00:00+05:30,332.34895228876945,351.56086068301823,332.34895228876945,347.7013244628906,154739,0.0,0.0
2014-02-10 00:00:00+05:30,351.81798904538095,361.08086050799614,349.50225809265663,352.246826171875,126733,0.0,0.0
2014-02-11 00:00:00+05:30,350.7888699476141,360.2232894327578,348.43026507632817,359.2369689941406,173407,0.0,0.0
2014-02-12 00:00:00+05:30,361.85290711813917,368.71430389183854,360.3091033137174,362.5390625,208714,0.0,0.0
2014-02-13 00:00:00+05:30,365.2836184679044,366.2270657925987,351.90388904955034,353.8765563964844,53328,0.0,0.0
2014-02-14 00:00:00+05:30,353.0188574112138,359.151225337368,347.35820002778274,349.3308410644531,35414,0.0,0.0
2014-02-17 00:00:00+05:30,347.3582537143827,352.93313926782344,345.8144497230918,347.87286376953125,22476,0.0,0.0
2014-02-18 00:00:00+05:30,350.40296093721327,368.49990093323595,349.07357572536495,364.0400085449219,142914,0.0,0.0
2014-02-19 00:00:00+05:30,365.49802569565117,377.3768241450472,365.49802569565117,375.0182189941406,414951,0.0,0.0
2014-02-20 00:00:00+05:30,374.33205312762334,399.5905519294394,372.27361334908056,384.8814392089844,474903,0.0,0.0
2014-02-21 00:00:00+05:30,388.01200736045377,411.4265410663853,387.9691340975117,406.10894775390625,501611,0.0,0.0
2014-02-24 00:00:00+05:30,405.20842265576556,408.8106406927938,386.9828352730696,389.2127685546875,211691,0.0,0.0
2014-02-25 00:00:00+05:30,391.5284892308889,398.81872397012785,386.6826325508139,388.1835632324219,225826,0.0,0.0
2014-02-26 00:00:00+05:30,389.77022478907696,391.27115530961606,380.8075149253404,381.8796081542969,93923,0.0,0.0
2014-02-28 00:00:00+05:30,380.8074680791196,391.74281766922945,379.6067290452312,382.2226257324219,166303,0.0,0.0
2014-03-03 00:00:00+05:30,378.57754387871,384.92433035987494,359.1940936734087,368.1996765136719,244007,0.0,0.0
2014-03-04 00:00:00+05:30,372.1021494739903,382.5228911620727,368.32838627583186,373.5601806640625,371031,0.0,0.0
2014-03-05 00:00:00+05:30,374.16053656722005,390.58499958514005,373.17421603230287,382.351318359375,217106,0.0,0.0
2014-03-06 00:00:00+05:30,384.1523996964653,389.3842193320114,379.64960861388147,381.5793762207031,165182,0.0,0.0
2014-03-07 00:00:00+05:30,380.93613839405396,382.3084228809523,351.7323310306315,354.73419189453125,236727,0.0,0.0
2014-03-10 00:00:00+05:30,351.6466637444275,363.65411079911524,345.47139478949657,348.6019287109375,136331,0.0,0.0
2014-03-11 00:00:00+05:30,350.7888940109064,358.5079650282613,348.43028897782574,349.7596740722656,83154,0.0,0.0
2014-03-12 00:00:00+05:30,348.2159107282131,357.47878655378497,348.2159107282131,350.0599060058594,77317,0.0,0.0
2014-03-13 00:00:00+05:30,350.70319298597735,355.33463130798737,341.8691537083314,343.5845031738281,90204,0.0,0.0
2014-03-14 00:00:00+05:30,343.0697950462506,348.21584197194437,337.75220275337443,344.6993713378906,105840,0.0,0.0
2014-03-18 00:00:00+05:30,349.67393772810897,355.0772771277844,343.0698329737047,345.68572998046875,50508,0.0,0.0
2014-03-19 00:00:00+05:30,347.4010861589259,348.1301148035434,339.25317746130446,340.1966247558594,98538,0.0,0.0
2014-03-20 00:00:00+05:30,337.0660819645398,343.8417053493535,336.80879008155466,338.995849609375,104688,0.0,0.0
2014-03-21 00:00:00+05:30,336.12265262854044,349.5023809117721,336.12265262854044,343.7559509277344,66050,0.0,0.0
2014-03-24 00:00:00+05:30,343.92749136754503,345.98590503366796,339.2531546436379,341.18292236328125,68017,0.0,0.0
2014-03-25 00:00:00+05:30,338.13821600939434,347.3582180946219,337.9237973562495,342.2979431152344,111305,0.0,0.0
2014-03-26 00:00:00+05:30,338.86717343902916,349.93116838095045,337.0660518963567,344.74224853515625,130157,0.0,0.0
2014-03-27 00:00:00+05:30,346.0288362266484,349.0735706607855,342.2550469558587,347.1866760253906,55213,0.0,0.0
2014-03-28 00:00:00+05:30,350.6602935370954,350.91758546804704,337.2805634703817,338.781494140625,101711,0.0,0.0
2014-03-31 00:00:00+05:30,338.781464264601,347.95859288016345,338.781464264601,345.25689697265625,134088,0.0,0.0
2014-04-01 00:00:00+05:30,347.7870563129869,357.65031438351554,346.5005443907441,351.7752380371094,171269,0.0,0.0
2014-04-02 00:00:00+05:30,355.0772931847266,361.5956255408226,354.90574779082186,358.4651184082031,313380,0.0,0.0
2014-04-03 00:00:00+05:30,358.50797695899126,365.28360095376877,357.0070464334452,359.0654602050781,124881,0.0,0.0
2014-04-04 00:00:00+05:30,356.7925962025622,362.7105450874384,350.788874631846,352.5899963378906,67867,0.0,0.0
2014-04-07 00:00:00+05:30,351.81811935069584,352.50424853755635,334.5788552457808,339.16741943359375,83453,0.0,0.0
2014-04-09 00:00:00+05:30,339.8535543211418,355.6347614510031,339.8535543211418,351.689453125,213682,0.0,0.0
2014-04-10 00:00:00+05:30,351.6894341441807,353.44768265310506,346.62915960039425,348.7733459472656,46659,0.0,0.0
2014-04-11 00:00:00+05:30,345.29979257169384,348.21588092093054,338.78146050189054,340.8398742675781,72352,0.0,0.0
2014-04-15 00:00:00+05:30,343.0697928160467,351.21770039542776,338.8671930888797,340.06793212890625,159683,0.0,0.0
2014-04-16 00:00:00+05:30,338.91014230017873,349.93126709928856,338.91014230017873,345.0425109863281,134953,0.0,0.0
2014-04-17 00:00:00+05:30,347.401137027017,362.3675714537636,347.401137027017,351.1749267578125,190181,0.0,0.0
2014-04-21 00:00:00+05:30,354.21959350585934,354.8199761679023,341.7833123779297,343.06982421875,53468,0.0,0.0
2014-04-22 00:00:00+05:30,346.92936554712503,352.50425028397626,346.07169097222487,348.1730041503906,74107,0.0,0.0
2014-04-23 00:00:00+05:30,348.34458879599356,351.6037684973284,340.0680328283196,341.7405090332031,40318,0.0,0.0
2014-04-24 00:00:00+05:30,341.7405090332031,341.7405090332031,341.7405090332031,341.7405090332031,0,0.0,0.0
2014-04-25 00:00:00+05:30,342.29791988977047,348.5589336671188,341.86908261257815,343.7559509277344,71733,0.0,0.0
2014-04-28 00:00:00+05:30,347.31538904919324,347.31538904919324,339.63918981971676,341.011474609375,35441,0.0,0.0
2014-04-29 00:00:00+05:30,339.63916903966043,346.8436310268831,339.63916903966043,341.7833557128906,94204,0.0,0.0
2014-04-30 00:00:00+05:30,341.4402633287195,354.1338369328834,341.4402633287195,348.0443420410156,103384,0.0,0.0
2014-05-02 00:00:00+05:30,344.5279054276373,360.13756781185685,344.5279054276373,355.4632568359375,130680,0.0,0.0
2014-05-05 00:00:00+05:30,355.4632853457561,363.1394581082464,355.1201945308133,358.6795654296875,131774,0.0,0.0
2014-05-06 00:00:00+05:30,358.93683548453123,360.2233474396729,342.42659872687955,346.5434265136719,102962,0.0,0.0
2014-05-07 00:00:00+05:30,345.6428396741034,353.3619105353117,344.828038391316,347.40106201171875,88821,0.0,0.0
2014-05-08 00:00:00+05:30,347.444008029861,356.79265653599754,346.50056067438226,351.43218994140625,100036,0.0,0.0
2014-05-09 00:00:00+05:30,351.5608432294766,364.4259633245354,343.19851516768836,356.3209533691406,385604,0.0,0.0
2014-05-12 00:00:00+05:30,356.96417683618137,359.1512365833267,343.1556106246548,344.3134765625,128608,0.0,0.0
2014-05-13 00:00:00+05:30,347.3582109044712,350.3600719863617,341.18294335206446,344.3134765625,138963,0.0,0.0
2014-05-14 00:00:00+05:30,346.5005951609365,352.46144507705554,335.2221775582273,335.99407958984375,161321,0.0,0.0
2014-05-15 00:00:00+05:30,337.92377749081487,339.3818347161461,320.4272216575926,324.62982177734375,132399,0.0,0.0
2014-05-16 00:00:00+05:30,325.91635916254705,333.1208208144676,305.5465867148879,308.20538330078125,293805,0.0,0.0
2014-05-19 00:00:00+05:30,308.9343785047983,316.9107412242745,281.3172479609256,282.603759765625,296938,0.0,0.0
2014-05-20 00:00:00+05:30,284.3191191869713,297.61307498606044,284.3191191869713,295.1258239746094,224506,0.0,0.0
2014-05-21 00:00:00+05:30,297.1842657410272,306.9617515002737,296.4552370548838,303.18798828125,173099,0.0,0.0
2014-05-22 00:00:00+05:30,309.5347029739622,312.96540076513753,305.5036487738194,308.6341552734375,136158,0.0,0.0
2014-05-23 00:00:00+05:30,310.82126096416107,316.4819183979795,310.47819636874954,314.50927734375,108117,0.0,0.0
2014-05-26 00:00:00+05:30,315.6242449983586,319.05494331355817,307.4763364997597,316.13885498046875,164462,0.0,0.0
2014-05-27 00:00:00+05:30,319.0120871131971,321.6279842487594,314.80946051302476,318.79766845703125,61816,0.0,0.0
2014-05-28 00:00:00+05:30,316.0959203279683,322.9144429393753,316.0959203279683,317.93994140625,79067,0.0,0.0
2014-05-29 00:00:00+05:30,315.71004161368813,326.55962062279275,315.6242689144786,324.15814208984375,89821,0.0,0.0
2014-05-30 00:00:00+05:30,325.9163324014582,338.6528048367137,324.24385654184323,335.6938171386719,153275,0.0,0.0
2014-06-02 00:00:00+05:30,338.7385822646422,340.3681587146088,325.05866238839894,326.04498291015625,105767,0.0,0.0
2014-06-03 00:00:00+05:30,327.71746047734234,336.46572544145596,327.331496448773,335.0505676269531,122056,0.0,0.0
2014-06-04 00:00:00+05:30,334.49311579241987,342.6410250232609,330.6335798409689,340.5826110839844,92879,0.0,0.0
2014-06-05 00:00:00+05:30,342.21219115275727,344.52792321668545,333.63544450732473,334.62176513671875,145110,0.0,0.0
2014-06-06 00:00:00+05:30,339.6391662517212,343.0698649007284,336.25134086616504,339.4676208496094,93239,0.0,0.0
2014-06-09 00:00:00+05:30,339.6390257950201,352.0753032546862,337.19464878363647,350.8316650390625,175519,0.0,0.0
2014-06-10 00:00:00+05:30,355.9349947048899,372.57387837915513,355.8492220014555,366.9989929199219,467665,0.0,0.0
2014-06-11 00:00:00+05:30,366.570151251818,376.5191827272785,364.51173726444955,367.4278259277344,159579,0.0,0.0
2014-06-12 00:00:00+05:30,368.80010489745183,378.6633635168023,368.80010489745183,377.07666015625,120632,0.0,0.0
2014-06-13 00:00:00+05:30,373.6030531377907,379.9498398094846,359.79448713336075,366.6558837890625,91259,0.0,0.0
2014-06-16 00:00:00+05:30,368.6285533699017,373.04559874797184,364.0828882035702,366.8703308105469,42580,0.0,0.0
2014-06-17 00:00:00+05:30,369.3146798041446,385.953561440296,369.3146798041446,383.7236022949219,121608,0.0,0.0
2014-06-18 00:00:00+05:30,382.95174093638633,397.31779168819924,380.37871692113623,390.499267578125,156796,0.0,0.0
2014-06-19 00:00:00+05:30,391.0995908563887,393.92990637318945,379.1350205348721,382.43707275390625,71603,0.0,0.0
2014-06-20 00:00:00+05:30,383.38057724477113,389.3414266671198,363.6540598473892,365.54095458984375,110756,0.0,0.0
2014-06-23 00:00:00+05:30,367.08475773698837,374.11770048105006,357.82188179646414,366.484375,51013,0.0,0.0
2014-06-24 00:00:00+05:30,367.77085408455815,373.08844701745596,365.36937569985344,371.0729064941406,51047,0.0,0.0
2014-06-25 00:00:00+05:30,371.33020868699316,372.53094782796694,363.7397836479746,366.098388671875,48857,0.0,0.0
2014-06-26 00:00:00+05:30,369.2963215171579,374.02751459470664,364.4775083063765,369.3839416503906,50511,9.0,0.0
2014-06-27 00:00:00+05:30,369.7344243625342,382.00049531295,369.7344243625342,380.2481994628906,119100,0.0,0.0
2014-06-30 00:00:00+05:30,382.0005312255464,389.88586329212876,380.2482352107503,388.2649841308594,94907,0.0,0.0
2014-07-01 00:00:00+05:30,389.8857428075576,398.5596000527736,386.2059116184808,394.74835205078125,57975,0.0,0.0
2014-07-02 00:00:00+05:30,400.2243695751486,408.28494134405935,392.7333153593875,406.7078857421875,92966,0.0,0.0
2014-07-03 00:00:00+05:30,406.5326063808112,415.73215889589426,392.29520367889705,394.3541564941406,53894,0.0,0.0
2014-07-04 00:00:00+05:30,397.7710888455829,402.94035535744825,391.5504343112091,400.4433288574219,40838,0.0,0.0
2014-07-07 00:00:00+05:30,404.34229093756835,411.43909489098934,401.6262268642943,408.54779052734375,45037,0.0,0.0
2014-07-08 00:00:00+05:30,413.9360937430017,414.98745519979366,393.39041441100363,395.4931640625,74225,0.0,0.0
2014-07-09 00:00:00+05:30,381.3871468426222,418.8862907112753,381.3871468426222,411.3076171875,152378,0.0,0.0
2014-07-10 00:00:00+05:30,413.629405293933,415.9073950513023,395.14268031307836,407.9782409667969,111255,0.0,0.0
2014-07-11 00:00:00+05:30,412.6656758831594,426.68404279214144,407.9782791003859,416.5207214355469,226388,0.0,0.0
2014-07-14 00:00:00+05:30,418.0101980867799,419.7624940110691,401.31956336517663,405.4374694824219,99379,0.0,0.0
2014-07-15 00:00:00+05:30,409.9934366128208,409.9934366128208,354.31421933689205,357.424560546875,1276459,0.0,0.0
2014-07-16 00:00:00+05:30,354.9275187340604,356.32936071807416,328.55546166361205,330.52679443359375,1350553,0.0,0.0
2014-07-17 00:00:00+05:30,333.81238560805116,343.9318842403734,333.02385776128443,341.2596435546875,819171,0.0,0.0
2014-07-18 00:00:00+05:30,343.8880610364263,344.67658882243046,335.69607257880403,337.3607482910156,377287,0.0,0.0
2014-07-21 00:00:00+05:30,338.10552227541245,339.94543850148307,329.5192822043043,330.70208740234375,168885,0.0,0.0
2014-07-22 00:00:00+05:30,330.30774932210784,333.8123408268517,326.0584267750237,330.658203125,338049,0.0,0.0
2014-07-23 00:00:00+05:30,331.9724443237443,336.79125792414624,329.5192408223412,332.4981384277344,325875,0.0,0.0
2014-07-24 00:00:00+05:30,335.34561919160825,337.3169520281363,331.22771323791784,332.4981384277344,168314,0.0,0.0
2014-07-25 00:00:00+05:30,329.21256535686916,332.01624926332306,321.54627141974976,324.6565856933594,128883,0.0,0.0
2014-07-28 00:00:00+05:30,321.54628262362206,323.99948607381447,317.51599689438115,317.9978942871094,136903,0.0,0.0
2014-07-30 00:00:00+05:30,314.88753289969634,325.9270011908391,311.73339528252546,323.2109375,162310,0.0,0.0
2014-07-31 00:00:00+05:30,321.590099179456,332.7609857096329,321.590099179456,330.0887451171875,123079,0.0,0.0
2014-08-01 00:00:00+05:30,328.99352907272055,333.549508745723,325.2699005812184,327.3726501464844,108668,0.0,0.0
2014-08-04 00:00:00+05:30,325.97084855356565,331.18393978234246,325.97084855356565,327.72314453125,34393,0.0,0.0
2014-08-05 00:00:00+05:30,328.2487896182883,333.812333863597,327.63550216049794,332.4104919433594,82262,0.0,0.0
2014-08-06 00:00:00+05:30,332.0600661559422,335.56465788318167,329.38782565908724,333.0238342285156,78086,0.0,0.0
2014-08-07 00:00:00+05:30,332.9362443271303,333.8123923385175,328.64312441891616,330.30780029296875,63695,0.0,0.0
2014-08-08 00:00:00+05:30,332.8047921292799,337.14170828231863,321.6339061704366,335.25799560546875,146586,0.0,0.0
2014-08-11 00:00:00+05:30,337.404592227317,339.0692680406572,333.5495464653937,337.01031494140625,156431,0.0,0.0
2014-08-12 00:00:00+05:30,335.47699151264874,339.025406190244,333.5494823710315,336.002685546875,54454,0.0,0.0
2014-08-13 00:00:00+05:30,336.00277626507756,336.4408502888912,319.7064172316261,325.1823425292969,80247,0.0,0.0
2014-08-14 00:00:00+05:30,326.36509287498524,328.1173886756563,319.75018692261676,320.71392822265625,32775,0.0,0.0
2014-08-18 00:00:00+05:30,321.6338412738566,327.89829227842137,321.6338412738566,323.95562744140625,33036,0.0,0.0
2014-08-19 00:00:00+05:30,326.5841096352233,327.6792944428531,322.7728611570893,323.8242492675781,33348,0.0,0.0
2014-08-20 00:00:00+05:30,325.05090277122326,326.89081888920936,320.670162841692,322.378662109375,36367,0.0,0.0
2014-08-21 00:00:00+05:30,323.2986091934669,329.86971913642356,323.2986091934669,325.53277587890625,76424,0.0,0.0
2014-08-22 00:00:00+05:30,327.153668646915,327.153668646915,322.4224746383913,323.1672058105469,35754,0.0,0.0
2014-08-25 00:00:00+05:30,322.42243436339,327.6793218801844,321.54628644392426,322.77288818359375,68259,0.0,0.0
2014-08-26 00:00:00+05:30,326.80317622289493,327.1098333444132,321.54628866971166,326.0146484375,148174,0.0,0.0
2014-08-27 00:00:00+05:30,323.386155662552,327.5916543727309,315.1941684524805,317.077880859375,186789,0.0,0.0
2014-08-28 00:00:00+05:30,320.0568324006104,320.0568324006104,312.43436135074063,315.06280517578125,78380,0.0,0.0
2014-09-01 00:00:00+05:30,316.20179938543635,318.9178634602909,313.6609756010553,314.7999572753906,55119,0.0,0.0
2014-09-02 00:00:00+05:30,316.2894028239882,325.9270300568521,316.2894028239882,322.7290954589844,123971,0.0,0.0
2014-09-03 00:00:00+05:30,322.55387652337726,325.0947003416935,311.90868381383086,321.2396545410156,251344,0.0,0.0
2014-09-04 00:00:00+05:30,319.9253693922489,323.1671270038508,316.3331580021275,316.94647216796875,42011,0.0,0.0
2014-09-05 00:00:00+05:30,318.9178255266162,322.24717674629005,315.4132340373127,316.5522155761719,190369,0.0,0.0
2014-09-08 00:00:00+05:30,318.47982684375694,319.35597492310706,315.8951793145072,316.90277099609375,54518,0.0,0.0
2014-09-09 00:00:00+05:30,317.25320931104596,333.33053112570883,315.4132930871212,325.26995849609375,153958,0.0,0.0
2014-09-10 00:00:00+05:30,325.269926147461,331.18392480468754,318.5673996835202,328.55548095703125,83683,0.0,0.0
2014-09-11 00:00:00+05:30,326.80318722349597,340.8215545038604,326.80318722349597,339.33209228515625,239496,0.0,0.0
2014-09-12 00:00:00+05:30,342.57384559102456,345.99081721992525,336.92268066552134,340.514892578125,171245,0.0,0.0
2014-09-15 00:00:00+05:30,341.6977342406987,342.57388227721333,333.2867077425752,334.4695129394531,39644,0.0,0.0
2014-09-16 00:00:00+05:30,334.6884446230178,344.32606999174345,324.30608831003633,333.06756591796875,200597,0.0,0.0
2014-09-17 00:00:00+05:30,339.06924788282794,339.06924788282794,330.2201484690527,332.4981384277344,94628,0.0,0.0
2014-09-18 00:00:00+05:30,332.980046938206,356.9427008222258,332.980046938206,352.91241455078125,335654,0.0,0.0
2014-09-19 00:00:00+05:30,354.83991182767426,380.9491094595824,354.83991182767426,375.8674621582031,540868,0.0,0.0
2014-09-22 00:00:00+05:30,374.55328017352986,384.6289824472037,353.61334775234724,380.0292053222656,192061,0.0,0.0
2014-09-23 00:00:00+05:30,381.1244094977781,383.4900199760346,364.25855919241667,367.2374572753906,117965,0.0,0.0
2014-09-24 00:00:00+05:30,367.10592588825466,373.10754362804295,345.20223102618695,347.5240173339844,78316,0.0,0.0
2014-09-25 00:00:00+05:30,344.3260888608626,351.904762059455,333.9437319789265,338.19305419921875,72520,0.0,0.0
2014-09-26 00:00:00+05:30,339.1130516632308,341.69769879802226,331.18392345039075,334.5570983886719,67072,0.0,0.0
2014-09-29 00:00:00+05:30,336.4407975036192,393.39041166438807,335.5646495934535,349.40777587890625,89073,0.0,0.0
2014-09-30 00:00:00+05:30,349.58303770104624,355.6284533061883,344.01949278102825,350.67822265625,112515,0.0,0.0
2014-10-01 00:00:00+05:30,351.3353022467672,363.4261323770524,351.3353022467672,360.4910583496094,170716,0.0,0.0
2014-10-07 00:00:00+05:30,363.16330736289996,367.1059729434381,346.0784231805681,347.8307189941406,50759,0.0,0.0
2014-10-08 00:00:00+05:30,347.8306851722245,356.5921633881496,340.1643917332901,350.6343688964844,170751,0.0,0.0
2014-10-09 00:00:00+05:30,356.5922319441757,360.9729718943498,348.7069000338622,353.7447509765625,53283,0.0,0.0
2014-10-10 00:00:00+05:30,352.21145246164366,360.9729313786,342.57382565299173,343.5813903808594,64370,0.0,0.0
2014-10-13 00:00:00+05:30,343.4500045999924,358.3445201056043,343.2309676072628,352.8247985839844,76674,0.0,0.0
2014-10-14 00:00:00+05:30,359.0453499742297,359.0453499742297,343.44993016691575,344.93939208984375,134610,0.0,0.0
2014-10-15 00:00:00+05:30,344.93939208984375,344.93939208984375,344.93939208984375,344.93939208984375,0,0.0,0.0
2014-10-16 00:00:00+05:30,334.81993030117354,337.3169572805734,320.67014640179184,330.26397705078125,307644,0.0,0.0
2014-10-17 00:00:00+05:30,330.307698271979,333.6808724215422,322.81664578352,331.05242919921875,111689,0.0,0.0
2014-10-20 00:00:00+05:30,336.4408433238503,339.72639843443477,324.1747709110016,325.8832702636719,34294,0.0,0.0
2014-10-21 00:00:00+05:30,324.2623584468923,332.0600697774611,316.4646471163235,318.8740539550781,114192,0.0,0.0
2014-10-22 00:00:00+05:30,323.2985696230872,323.2985696230872,316.59604364921523,319.2244873046875,63169,0.0,0.0
2014-10-27 00:00:00+05:30,328.3364954942526,328.3364954942526,320.67019973554756,321.7215881347656,33273,0.0,0.0
2014-10-28 00:00:00+05:30,324.17469296027605,325.92698859789914,320.2758244714008,323.4737854003906,61579,0.0,0.0
2014-10-29 00:00:00+05:30,325.00705169104276,337.3169181383294,323.5175896690341,334.20660400390625,79190,0.0,0.0
2014-10-30 00:00:00+05:30,332.9799871958054,336.7912357767141,328.5554511488322,331.2715148925781,40825,0.0,0.0
2014-10-31 00:00:00+05:30,330.35153027467345,342.17952603940705,330.35153027467345,338.58734130859375,107521,0.0,0.0
2014-11-03 00:00:00+05:30,338.58736919867647,342.13575752522,335.2141944107045,340.2082214355469,28339,0.0,0.0
2014-11-05 00:00:00+05:30,339.9454059321053,342.53005308989884,338.19311002523875,340.4272766113281,27760,0.0,0.0
2014-11-07 00:00:00+05:30,340.8214707068688,345.20220940490054,338.98155510611406,339.2005920410156,45141,0.0,0.0
2014-11-10 00:00:00+05:30,339.06922894844206,342.3985801912726,334.2942123158899,337.1855163574219,29524,0.0,0.0
2014-11-11 00:00:00+05:30,339.0254713368513,340.8215639995237,334.732324847297,337.01031494140625,26643,0.0,0.0
2014-11-12 00:00:00+05:30,334.73230943952393,347.39265785474225,334.73230943952393,342.74908447265625,64803,0.0,0.0
2014-11-13 00:00:00+05:30,337.3169615951939,371.61814857605754,337.3169615951939,351.86102294921875,146292,0.0,0.0
2014-11-14 00:00:00+05:30,353.96379586551967,364.03949797555305,348.70690780811094,350.89727783203125,123662,0.0,0.0
2014-11-17 00:00:00+05:30,342.8366577287616,349.2763500503175,342.8366577287616,346.866943359375,37634,0.0,0.0
2014-11-18 00:00:00+05:30,352.1238069187278,353.91992600985867,342.13572702163214,344.0632629394531,38884,0.0,0.0
2014-11-19 00:00:00+05:30,350.4592065854432,350.4592065854432,338.6312083631845,340.0330505371094,27475,0.0,0.0
2014-11-20 00:00:00+05:30,348.70682947569884,349.5391805929779,339.5072774417922,344.6765441894531,26312,0.0,0.0
2014-11-21 00:00:00+05:30,341.9166826081841,346.0783847027103,331.2276686386582,332.2352600097656,162004,0.0,0.0
2014-11-24 00:00:00+05:30,333.06766260438053,338.19313384047865,332.0600977345632,334.6009216308594,31755,0.0,0.0
2014-11-25 00:00:00+05:30,335.5646918999656,337.3169879412187,328.55550773495327,331.31536865234375,62763,0.0,0.0
2014-11-26 00:00:00+05:30,329.03734626682285,335.739899359348,329.03734626682285,330.8334655761719,11790,0.0,0.0
2014-11-27 00:00:00+05:30,330.43920082814634,333.7247557085891,329.43163601239337,330.57061767578125,20676,0.0,0.0
2014-11-28 00:00:00+05:30,329.4753948987387,337.1416887398414,328.5992470311841,333.4180603027344,92267,0.0,0.0
2014-12-01 00:00:00+05:30,330.3077582938693,331.18390619385303,322.42242719401565,324.5690002441406,125672,0.0,0.0
2014-12-02 00:00:00+05:30,321.3710750131964,327.7669714421805,321.3710750131964,325.0071105957031,21185,0.0,0.0
2014-12-03 00:00:00+05:30,321.9405713254635,332.93621727993826,321.9405713254635,327.50408935546875,47038,0.0,0.0
2014-12-04 00:00:00+05:30,326.803152784789,332.93618782364564,326.803152784789,328.0735778808594,34026,0.0,0.0
2014-12-05 00:00:00+05:30,328.0736225275117,332.9362331320375,319.7940134031413,321.80914306640625,72015,0.0,0.0
2014-12-08 00:00:00+05:30,319.7940148557857,327.67934672894205,319.7940148557857,322.378662109375,59645,0.0,0.0
2014-12-09 00:00:00+05:30,320.71394977168285,328.46786455822644,320.71394977168285,325.7518005371094,89220,0.0,0.0
2014-12-10 00:00:00+05:30,323.34235190947476,328.4240254596235,323.2985552123337,323.8242492675781,35515,0.0,0.0
2014-12-11 00:00:00+05:30,322.4224385327234,327.3288722927605,321.6777074439647,322.6852722167969,86600,0.0,0.0
2014-12-12 00:00:00+05:30,324.87562598550295,325.0508662581653,319.79397893323534,321.896728515625,52520,0.0,0.0
2014-12-15 00:00:00+05:30,320.319639358219,322.64142566853707,307.52787619730213,308.9297180175781,91107,0.0,0.0
2014-12-16 00:00:00+05:30,306.65178733646064,313.4419340560537,302.35866766133296,304.63665771484375,77997,0.0,0.0
2014-12-17 00:00:00+05:30,302.3586007377179,306.65171946261285,290.0049118346424,300.34344482421875,263140,0.0,0.0
2014-12-18 00:00:00+05:30,301.48249909073604,311.9086537999497,301.48249909073604,306.0384521484375,59404,0.0,0.0
2014-12-19 00:00:00+05:30,308.40403636445564,313.6609233479407,299.2044841433568,303.80426025390625,95647,0.0,0.0
2014-12-22 00:00:00+05:30,310.94488550563597,317.42837464189074,301.30725857020235,302.2710266113281,70656,0.0,0.0
2014-12-23 00:00:00+05:30,305.68799808630854,308.9735527233882,301.4824988460114,302.2710266113281,21493,0.0,0.0
2014-12-24 00:00:00+05:30,299.7301827464356,305.77559752177694,296.66366529277883,297.75885009765625,41762,0.0,0.0
2014-12-26 00:00:00+05:30,297.0579630597175,302.62150810157414,297.0579630597175,300.1683044433594,18218,0.0,0.0
2014-12-29 00:00:00+05:30,298.7664487296851,308.2726592641214,298.7664487296851,306.3889465332031,22892,0.0,0.0
2014-12-30 00:00:00+05:30,304.505197465713,311.90865804998583,304.505197465713,309.7620849609375,194651,0.0,0.0
2014-12-31 00:00:00+05:30,307.87841308024235,331.1839560777407,307.00226504829067,324.7442626953125,255171,0.0,0.0
2015-01-01 00:00:00+05:30,322.4662052222996,326.3650738466384,318.0416692787375,321.5900573730469,23554,0.0,0.0
2015-01-02 00:00:00+05:30,323.07954985489096,333.7685653181366,319.83779181202925,333.0238342285156,97644,0.0,0.0
2015-01-05 00:00:00+05:30,333.8123233672444,335.56461902796485,325.9269928940024,328.248779296875,58534,0.0,0.0
2015-01-06 00:00:00+05:30,325.97081598531986,326.80316718672435,318.3483452867145,319.6625671386719,139481,0.0,0.0
2015-01-07 00:00:00+05:30,321.6338997907782,321.6338997907782,310.68205102875163,312.0400695800781,32871,0.0,0.0
2015-01-08 00:00:00+05:30,311.12014356207607,319.7940029520982,311.12014356207607,314.9751892089844,17892,0.0,0.0
2015-01-09 00:00:00+05:30,316.2894251950441,318.0417211795042,312.3467592300089,315.2818603515625,131139,0.0,0.0
2015-01-12 00:00:00+05:30,315.4132764161839,323.736682321611,314.2742947242914,320.14447021484375,67151,0.0,0.0
2015-01-13 00:00:00+05:30,323.9119362735058,328.2926764084576,321.54632590546544,324.26239013671875,40219,0.0,0.0
2015-01-14 00:00:00+05:30,325.0508402299501,340.90912107123035,321.28341531058885,335.3893737792969,755089,0.0,0.0
2015-01-15 00:00:00+05:30,333.72474487724827,334.688512958481,323.868080555827,327.54791259765625,357187,0.0,0.0
2015-01-16 00:00:00+05:30,325.9270006987342,327.6354997040128,322.4224092933715,324.3061218261719,33806,0.0,0.0
2015-01-19 00:00:00+05:30,326.8031816984657,330.3077734593072,325.22612610125236,327.50408935546875,53799,0.0,0.0
2015-01-20 00:00:00+05:30,325.05086926162306,328.6430809810994,325.05086926162306,327.85455322265625,229932,0.0,0.0
2015-01-21 00:00:00+05:30,326.80316805663404,329.21257479163603,322.29101170048546,326.14605712890625,137344,0.0,0.0
2015-01-22 00:00:00+05:30,327.32881541188186,327.723065869482,323.60518735306687,325.35748291015625,118489,0.0,0.0
2015-01-23 00:00:00+05:30,328.55549626685826,328.55549626685826,312.6972122994616,320.14447021484375,79506,0.0,0.0
2015-01-27 00:00:00+05:30,315.50083691863256,319.7501592146166,312.87239344539415,314.1427917480469,174565,0.0,0.0
2015-01-28 00:00:00+05:30,314.4932155929054,314.4932155929054,300.9567234499927,303.7165832519531,193296,0.0,0.0
2015-01-29 00:00:00+05:30,302.27104250571995,307.70317048649537,301.7891718287748,303.0595703125,94130,0.0,0.0
2015-01-30 00:00:00+05:30,304.02333431777134,307.6593429108768,303.8919174747267,306.91461181640625,53046,0.0,0.0
2015-02-02 00:00:00+05:30,298.98546137863207,310.1563467488227,298.98546137863207,307.87835693359375,44137,0.0,0.0
2015-02-03 00:00:00+05:30,306.78315022231214,310.9886757516648,305.77558558872767,306.6517333984375,30942,0.0,0.0
2015-02-04 00:00:00+05:30,308.798325580757,311.3391490405751,303.14716115878866,304.680419921875,40330,0.0,0.0
2015-02-05 00:00:00+05:30,306.69550553688015,309.8058460550529,305.1622469926548,307.08978271484375,162750,0.0,0.0
2015-02-06 00:00:00+05:30,305.55658374004236,307.3964996993928,298.76643743470805,301.65771484375,44211,0.0,0.0
2015-02-09 00:00:00+05:30,306.520342329227,318.91782953070935,298.7664282142085,316.5084228515625,71186,0.0,0.0
2015-02-10 00:00:00+05:30,313.92377893236335,333.81234677110854,311.9086494764164,331.0962829589844,90562,0.0,0.0
2015-02-11 00:00:00+05:30,329.12490183223036,332.93614994896456,321.7214692774257,324.8755798339844,36165,0.0,0.0
2015-02-12 00:00:00+05:30,324.61277698148956,328.511645591816,308.8859124487607,323.8242492675781,13911,0.0,0.0
2015-02-13 00:00:00+05:30,316.3769386851227,332.89232811858767,316.3769386851227,325.3136291503906,15423,0.0,0.0
2015-02-16 00:00:00+05:30,318.9178540670856,328.6868983701843,315.8513362395175,323.69287109375,17892,0.0,0.0
2015-02-18 00:00:00+05:30,323.69285369388723,329.3439916295992,321.5462806348115,326.14605712890625,16660,0.0,0.0
2015-02-19 00:00:00+05:30,325.6641971417145,336.4846027156426,325.6641971417145,332.9800109863281,68000,0.0,0.0
2015-02-20 00:00:00+05:30,334.2504037143602,345.2022518046079,326.80314701299176,341.2157897949219,76528,0.0,0.0
2015-02-23 00:00:00+05:30,341.697690553303,363.3385549835106,339.9453947043117,346.07843017578125,248442,0.0,0.0
2015-02-24 00:00:00+05:30,346.0783964388801,356.1978932851567,342.6614252140276,343.97564697265625,45894,0.0,0.0
2015-02-25 00:00:00+05:30,345.9908033384646,368.50781525730997,345.9908033384646,359.22064208984375,435612,0.0,0.0
2015-02-26 00:00:00+05:30,358.3445581589737,371.39915896437003,358.3445581589737,366.7117614746094,209947,0.0,0.0
2015-02-27 00:00:00+05:30,367.32507008073173,369.5592369137842,355.2780343893541,357.0741271972656,62112,0.0,0.0
2015-03-02 00:00:00+05:30,356.5922469590384,356.5922469590384,346.16609078619757,352.91241455078125,27347,0.0,0.0
2015-03-03 00:00:00+05:30,353.9637626754798,360.9729460947962,349.583023038407,359.0892333984375,58684,0.0,0.0
2015-03-04 00:00:00+05:30,360.05298374321484,366.22981563227887,353.43805117409545,357.7749938964844,63178,0.0,0.0
2015-03-05 00:00:00+05:30,357.90634294478394,370.4352446219847,353.13132718462975,366.6240234375,70315,0.0,0.0
2015-03-09 00:00:00+05:30,365.5726722548099,372.36281775504904,362.76898857890234,365.9669494628906,41886,0.0,0.0
2015-03-10 00:00:00+05:30,363.6013489604605,365.96695879343946,352.21142718579546,358.6949157714844,27425,0.0,0.0
2015-03-11 00:00:00+05:30,360.9729710404208,385.32987441060374,360.9729710404208,375.4294128417969,584953,0.0,0.0
2015-03-12 00:00:00+05:30,379.196776537343,379.196776537343,366.31741926142496,371.61810302734375,52058,0.0,0.0
2015-03-13 00:00:00+05:30,371.6181047711918,381.5185915067169,368.8582443946807,372.143798828125,77250,0.0,0.0
2015-03-16 00:00:00+05:30,372.36281517155265,373.98369394988123,353.1313602575289,356.76739501953125,43079,0.0,0.0
2015-03-17 00:00:00+05:30,358.3007028131115,361.1043601161946,351.86101024932435,353.13140869140625,45410,0.0,0.0
2015-03-18 00:00:00+05:30,353.08763421193663,356.32939241723676,347.3926723698086,349.53924560546875,17943,0.0,0.0
2015-03-19 00:00:00+05:30,346.12219684039763,354.839878627775,335.6084226588339,340.12060546875,50552,0.0,0.0
2015-03-20 00:00:00+05:30,341.3034821863969,345.07093506496017,323.2986493987862,328.5993347167969,49786,0.0,0.0
2015-03-23 00:00:00+05:30,328.5554792706657,332.06007104955285,322.4224436576133,328.02978515625,27525,0.0,0.0
2015-03-24 00:00:00+05:30,307.5279311240549,315.41326269133833,298.766451604851,308.49169921875,264438,0.0,0.0
2015-03-25 00:00:00+05:30,309.10497244021326,315.4132480973247,294.9113923185811,296.79510498046875,76726,0.0,0.0
2015-03-26 00:00:00+05:30,299.6425793028786,304.81184652221725,292.63339616129076,301.2634582519531,78941,0.0,0.0
2015-03-27 00:00:00+05:30,304.02327263037705,312.7847502277943,300.7377185313456,304.2423095703125,80277,0.0,0.0
2015-03-30 00:00:00+05:30,308.62309495500057,310.9448815212032,301.2196345724838,306.1260681152344,52991,0.0,0.0
2015-03-31 00:00:00+05:30,307.39649744228007,307.83457139424627,304.0233226645577,306.0384521484375,123852,0.0,0.0
2015-04-01 00:00:00+05:30,307.52793808348616,325.05089751844264,305.7318454365688,320.84539794921875,147880,0.0,0.0
2015-04-06 00:00:00+05:30,322.378649322829,323.64904780925633,314.62473460752017,319.8816223144531,33625,0.0,0.0
2015-04-07 00:00:00+05:30,320.5825412392922,322.9481514856593,319.88163354891685,321.80914306640625,15011,0.0,0.0
2015-04-08 00:00:00+05:30,325.05092566973605,328.3802775555533,322.2910646672933,325.1823425292969,25239,0.0,0.0
2015-04-09 00:00:00+05:30,328.51168482278564,331.18392537735815,320.4073162784984,323.69287109375,55276,0.0,0.0
2015-04-10 00:00:00+05:30,322.4224266506709,327.6793140417144,322.4224266506709,325.6641845703125,34106,0.0,0.0
2015-04-13 00:00:00+05:30,326.80321265075634,332.06010078991056,324.2185652871725,326.4527587890625,17827,0.0,0.0
2015-04-15 00:00:00+05:30,329.7382371220526,340.82150168797426,325.13846107099386,328.3363952636719,157018,0.0,0.0
2015-04-16 00:00:00+05:30,335.3894059484892,335.3894059484892,320.4510949253303,332.1038513183594,77677,0.0,0.0
2015-04-17 00:00:00+05:30,334.4257046819195,337.3169824073882,324.1747623135938,327.0660400390625,30947,0.0,0.0
2015-04-20 00:00:00+05:30,322.55388035721467,331.928674637988,321.54631550634457,324.9632873535156,27400,0.0,0.0
2015-04-21 00:00:00+05:30,316.4207239485508,328.3363375431964,316.4207239485508,323.34228515625,31158,0.0,0.0
2015-04-22 00:00:00+05:30,322.4662602097662,328.9935734949111,322.4224635049994,324.9632873535156,116621,0.0,0.0
2015-04-23 00:00:00+05:30,324.17469094142854,328.51163331270055,322.46619201022213,323.99945068359375,10745,0.0,0.0
2015-04-24 00:00:00+05:30,324.5689699419819,326.7155160537907,317.6035840922434,319.61871337890625,63490,0.0,0.0
2015-04-27 00:00:00+05:30,315.4132716641104,324.17475143255797,309.8059299598869,321.3272705078125,60823,0.0,0.0
2015-04-28 00:00:00+05:30,320.0129813127686,320.0129813127686,309.36779097807755,317.077880859375,54329,0.0,0.0
2015-04-29 00:00:00+05:30,313.7047885765262,332.93624835426095,307.3089187112027,314.5371398925781,88864,0.0,0.0
2015-04-30 00:00:00+05:30,321.28340151334316,321.28340151334316,304.89942733767816,307.3964538574219,152890,0.0,0.0
2015-05-04 00:00:00+05:30,315.4131968793829,315.4131968793829,308.05356096644556,312.3466796875,205277,0.0,0.0
2015-05-05 00:00:00+05:30,311.864856141851,374.11515382984976,285.2299385537991,352.2114562988281,1286712,0.0,0.0
2015-05-06 00:00:00+05:30,333.0238388826804,345.990817759521,328.55547902042,335.65228271484375,360097,0.0,0.0
2015-05-07 00:00:00+05:30,332.9361440151855,340.29577974583447,319.79392780405976,323.3861389160156,69616,0.0,0.0
2015-05-08 00:00:00+05:30,325.05089371504505,330.3077814840215,323.25480108914365,327.41650390625,51997,0.0,0.0
2015-05-11 00:00:00+05:30,327.41644329404846,335.56460713238675,324.3937226912955,326.3212585449219,43212,0.0,0.0
2015-05-12 00:00:00+05:30,326.671798142629,329.30024223109655,322.5977151530874,325.8832702636719,28941,0.0,0.0
2015-05-13 00:00:00+05:30,326.01467378380494,328.33646061938776,324.1747576495623,324.4814147949219,31350,0.0,0.0
2015-05-14 00:00:00+05:30,326.71551513671875,327.4602461276679,321.546248371516,326.71551513671875,37062,0.0,0.0
2015-05-15 00:00:00+05:30,326.84691230078744,326.84691230078744,323.16710773883307,324.8755798339844,11293,0.0,0.0
2015-05-18 00:00:00+05:30,325.13856574237104,335.564722800333,324.48145466639124,334.0314636230469,56159,0.0,0.0
2015-05-19 00:00:00+05:30,336.4407640232108,344.32609443000484,334.3380145956477,339.726318359375,69331,0.0,0.0
2015-05-20 00:00:00+05:30,339.72631286462973,343.2309040998548,331.1838717287686,338.19305419921875,18135,0.0,0.0
2015-05-21 00:00:00+05:30,339.0692542242959,342.57384599922403,336.4846070951211,339.4635314941406,12412,0.0,0.0
2015-05-22 00:00:00+05:30,339.02547654039586,341.6977172235164,335.78371827157093,338.5435791015625,15410,0.0,0.0
2015-05-25 00:00:00+05:30,333.1989751213719,339.46345285823514,330.39531839363787,331.05242919921875,6223,0.0,0.0
2015-05-26 00:00:00+05:30,329.4316278247366,332.4543489347832,326.80318398570944,326.9346008300781,6995,0.0,0.0
2015-05-27 00:00:00+05:30,326.80314766559275,337.3169218532258,326.75935096830847,335.21417236328125,23619,0.0,0.0
2015-05-28 00:00:00+05:30,332.5418923102893,336.39696408455563,331.1838738929291,332.7171325683594,12266,0.0,0.0
2015-05-29 00:00:00+05:30,331.22772015250723,338.10548687333215,330.30777550475483,334.5570983886719,61194,0.0,0.0
2015-06-01 00:00:00+05:30,333.4180401213745,339.85773190569677,330.78959667780697,337.6235656738281,9603,0.0,0.0
2015-06-02 00:00:00+05:30,336.2217695472399,337.31695446433184,332.45434412760864,335.6960754394531,18206,0.0,0.0
2015-06-03 00:00:00+05:30,336.4407975036192,354.83990361709834,333.06762270189887,349.40777587890625,76148,0.0,0.0
2015-06-04 00:00:00+05:30,349.5829808154095,359.22060685292706,347.8306851722245,350.6343688964844,78853,0.0,0.0
2015-06-05 00:00:00+05:30,348.7067630652225,350.0209845340613,342.5737295439749,346.9544677734375,10814,0.0,0.0
2015-06-08 00:00:00+05:30,345.20223821811334,345.6403121244815,336.44076009075,339.7701110839844,10117,0.0,0.0
2015-06-09 00:00:00+05:30,336.8788692962033,338.7187852433228,328.5554642030591,337.5359802246094,6476,0.0,0.0
2015-06-10 00:00:00+05:30,334.6885070800781,339.0692467015451,329.43161953431775,334.6885070800781,35995,0.0,0.0
2015-06-11 00:00:00+05:30,333.85613425028606,345.2898799650918,333.85613425028606,337.27313232421875,13992,0.0,0.0
2015-06-12 00:00:00+05:30,338.98163019072905,338.98163019072905,334.16281655552433,335.6960754394531,4545,0.0,0.0
2015-06-15 00:00:00+05:30,333.1990706723592,337.3169769300478,333.06765382113826,335.8275146484375,2792,0.0,0.0
2015-06-16 00:00:00+05:30,337.7112365402777,338.23690391763944,333.4180902137917,334.5132751464844,8744,0.0,0.0
2015-06-17 00:00:00+05:30,335.564717225766,337.3170133992687,333.1553099871998,336.265625,4307,0.0,0.0
2015-06-18 00:00:00+05:30,335.0827421112568,340.77770290143746,334.819881724349,338.6749267578125,6272,0.0,0.0
2015-06-19 00:00:00+05:30,338.1930990070361,355.45322382250845,338.1930990070361,349.8458557128906,51462,0.0,0.0
2015-06-22 00:00:00+05:30,353.87614565026774,356.3293759113715,346.0784343752188,353.5694885253906,29394,0.0,0.0
2015-06-23 00:00:00+05:30,353.17523213018245,358.3444995139751,349.626817009118,353.13140869140625,372431,0.0,0.0
2015-06-24 00:00:00+05:30,353.1313949938896,354.79609736873493,350.45915463496266,351.77337646484375,18240,0.0,0.0
2015-06-25 00:00:00+05:30,349.5830253733195,350.85345057172105,338.67497290898683,343.3185729980469,10039,0.0,0.0
2015-06-26 00:00:00+05:30,341.785261217167,348.7068234711482,339.94534549448616,344.23846435546875,19291,0.0,0.0
2015-06-29 00:00:00+05:30,339.9891619011521,343.5375767301761,337.8426157151624,340.12060546875,13644,0.0,0.0
2015-06-30 00:00:00+05:30,341.6978109495243,344.0634218743437,340.47120877062326,341.7416076660156,41882,0.0,0.0
2015-07-01 00:00:00+05:30,338.89404624245446,342.57387865204174,338.23693522202217,339.9454345703125,118360,0.0,0.0
2015-07-02 00:00:00+05:30,339.98919826756526,342.57384539215985,339.1130503253858,340.5587158203125,14184,0.0,0.0
2015-07-03 00:00:00+05:30,341.65385485538127,345.46507650158884,341.65385485538127,343.4937438964844,27114,0.0,0.0
2015-07-06 00:00:00+05:30,336.4407819386181,347.9183243783771,336.4407819386181,344.8079833984375,14141,0.0,0.0
2015-07-07 00:00:00+05:30,343.49378602518624,348.7068769154441,339.9891942973928,340.6025085449219,12250,0.0,0.0
2015-07-08 00:00:00+05:30,337.31692798679904,341.56625047914997,331.8410038311692,335.6084289550781,23189,0.0,0.0
2015-07-09 00:00:00+05:30,335.5646761229243,345.2023038966898,334.6885281434911,337.01031494140625,18823,0.0,0.0
2015-07-10 00:00:00+05:30,339.94541971142826,344.1071226589264,337.79884644334226,340.77777099609375,13848,0.0,0.0
2015-07-13 00:00:00+05:30,340.20825404226883,371.7057849983433,340.20825404226883,366.75555419921875,122454,0.0,0.0
2015-07-14 00:00:00+05:30,366.79930917738847,424.931727086136,364.0832453680184,406.0507507324219,2091835,0.0,0.0
2015-07-15 00:00:00+05:30,409.16103588074503,419.6748098220061,399.1291325499611,402.7213439941406,580028,0.0,0.0
2015-07-16 00:00:00+05:30,403.86042752162757,437.19784791496767,399.5234842669845,426.3336181640625,824955,0.0,0.0
2015-07-17 00:00:00+05:30,427.5601695234287,429.6629191079289,411.7895075328105,416.91497802734375,321074,0.0,0.0
2015-07-20 00:00:00+05:30,417.0463807566127,428.4363029201336,412.31518766703994,421.4709167480469,239264,0.0,0.0
2015-07-21 00:00:00+05:30,421.4271948663787,452.09237536601125,416.257926929738,421.82147216796875,605188,0.0,0.0
2015-07-22 00:00:00+05:30,420.6824131655342,439.7824536247888,418.44824669271316,437.373046875,210128,0.0,0.0
2015-07-23 00:00:00+05:30,442.1067184757663,442.1067184757663,432.28212473186034,437.0604553222656,119072,9.5,0.0
2015-07-24 00:00:00+05:30,433.1751996171835,438.5340680660559,424.333072127867,435.63134765625,136307,0.0,0.0
2015-07-27 00:00:00+05:30,431.3889146791572,435.6759985807762,413.1687672123542,417.6344909667969,127185,0.0,0.0
2015-07-28 00:00:00+05:30,418.6616516921052,432.7286831889599,415.31235847856834,421.78765869140625,232634,0.0,0.0
2015-07-29 00:00:00+05:30,422.5021292658836,431.38893077137703,422.5021292658836,426.6999206542969,89101,0.0,0.0
2015-07-30 00:00:00+05:30,430.13856660196546,438.5341227677848,427.2358458300809,430.4958190917969,97237,0.0,0.0
2015-07-31 00:00:00+05:30,433.1305875890015,437.2837055145037,428.70950986586314,430.7190856933594,96971,0.0,0.0
2015-08-03 00:00:00+05:30,432.282039670942,433.8003965806961,425.9853803676367,428.4415283203125,79870,0.0,0.0
2015-08-04 00:00:00+05:30,432.10344040316795,433.84508365398784,413.07946719499614,416.16082763671875,106988,0.0,0.0
2015-08-05 00:00:00+05:30,418.88496793628093,426.03012730406397,410.846663647525,413.6600646972656,121367,0.0,0.0
2015-08-06 00:00:00+05:30,414.7764796183466,433.219916063424,414.5085470551869,421.430419921875,204012,0.0,0.0
2015-08-07 00:00:00+05:30,421.6536912708241,444.2502451875655,420.715872819606,427.4144592285156,244592,0.0,0.0
2015-08-10 00:00:00+05:30,425.13695861187176,443.3571085296283,425.13695861187176,433.1752624511719,171884,0.0,0.0
2015-08-11 00:00:00+05:30,430.5851423730467,473.0988431520493,430.5851423730467,463.0063171386719,403583,0.0,0.0
2015-08-12 00:00:00+05:30,468.4544999020636,479.61881114853793,456.21840387328,474.7958068847656,595639,0.0,0.0
2015-08-13 00:00:00+05:30,479.61878574764046,482.07493409178574,436.301260405442,444.250244140625,240099,0.0,0.0
2015-08-14 00:00:00+05:30,445.3220319171781,459.07645728730284,439.159337844606,453.0477294921875,251898,0.0,0.0
2015-08-17 00:00:00+05:30,453.04765462476735,463.3634651334892,446.12578311497543,458.3172302246094,220034,0.0,0.0
2015-08-18 00:00:00+05:30,461.1306980107963,469.88350707202966,458.67454955154403,464.7032775878906,180735,0.0,0.0
2015-08-19 00:00:00+05:30,464.70326493434544,466.22162211591433,457.9153857279908,464.39068603515625,134424,0.0,0.0
2015-08-20 00:00:00+05:30,461.3985975567777,463.4081734250794,450.4129270460419,454.6553649902344,73062,0.0,0.0
2015-08-21 00:00:00+05:30,454.65543218158996,455.23599821241436,425.9408270933635,442.24072265625,118655,0.0,0.0
2015-08-24 00:00:00+05:30,429.60262952231835,429.60262952231835,380.3903477993119,405.2644348144531,127450,0.0,0.0
2015-08-25 00:00:00+05:30,413.0795431242907,417.4113016224318,361.81302798029753,388.91998291015625,196560,0.0,0.0
2015-08-26 00:00:00+05:30,388.5180021112183,400.12888493293286,378.6934089543829,384.677490234375,77945,0.0,0.0
2015-08-27 00:00:00+05:30,387.6248744894702,397.8067205800358,386.10651730426036,392.5818176269531,94280,0.0,0.0
2015-08-28 00:00:00+05:30,395.61852879941324,403.7014789238926,373.781125950551,385.61529541015625,124501,0.0,0.0
2015-08-31 00:00:00+05:30,390.3043479057521,422.9041389779716,385.8832694467341,416.5181579589844,297308,0.0,0.0
2015-09-01 00:00:00+05:30,415.0443992176635,431.3442918080424,410.8466077574948,418.125732421875,323483,0.0,0.0
2015-09-02 00:00:00+05:30,413.7493779736132,425.94080049711897,406.5148987789838,417.9024963378906,107601,0.0,0.0
2015-09-03 00:00:00+05:30,417.5451668737341,421.1177458416377,410.8465813089149,413.2134094238281,31674,0.0,0.0
2015-09-04 00:00:00+05:30,414.41916631916405,414.41916631916405,394.76998170920365,400.2181701660156,46879,0.0,0.0
2015-09-07 00:00:00+05:30,398.8784682890092,404.68390941853215,385.92786884622717,394.2787780761719,52884,0.0,0.0
2015-09-08 00:00:00+05:30,391.9566850492967,396.55637630511495,381.55155134757024,383.60577392578125,61191,0.0,0.0
2015-09-09 00:00:00+05:30,389.4111091932899,399.68227377063585,388.51796444743377,397.6280517578125,65276,0.0,0.0
2015-09-10 00:00:00+05:30,391.2868228259939,410.4894399763144,387.22299679602276,405.44317626953125,69120,0.0,0.0
2015-09-11 00:00:00+05:30,408.07790213836694,411.73980170463443,399.23577301946113,403.5228576660156,354354,0.0,0.0
2015-09-14 00:00:00+05:30,406.3809159324078,406.3809159324078,391.1974531393288,395.6631774902344,62863,0.0,0.0
2015-09-15 00:00:00+05:30,399.8609571100413,403.1655766751402,389.1432189941406,389.1432189941406,35142,0.0,0.0
2015-09-16 00:00:00+05:30,394.81467331968776,410.26609570701766,391.24209389000936,404.9072265625,70790,0.0,0.0
2015-09-18 00:00:00+05:30,406.872116648498,408.9263661127034,387.98210893396316,393.4302978515625,134959,0.0,0.0
2015-09-21 00:00:00+05:30,389.58978730674943,401.3346364168977,384.9900696085599,394.0555114746094,58312,0.0,0.0
2015-09-22 00:00:00+05:30,393.6089290316658,398.34258562637297,390.30428232897975,393.8768615722656,141812,0.0,0.0
2015-09-23 00:00:00+05:30,391.24208822136586,404.5499682093966,385.4366467322526,399.8162841796875,89952,0.0,0.0
2015-09-24 00:00:00+05:30,407.22945395945266,428.53093937403696,406.2916354008312,420.84991455078125,157817,0.0,0.0
2015-09-28 00:00:00+05:30,422.4575331934335,433.8004842050803,413.5260842887098,428.352294921875,192969,0.0,0.0
2015-09-29 00:00:00+05:30,419.95676734278686,426.7446471728476,411.15928411405866,416.4734802246094,117740,0.0,0.0
2015-09-30 00:00:00+05:30,422.0109353253321,427.3698043453363,419.8673931686539,422.1895751953125,56230,0.0,0.0
2015-10-01 00:00:00+05:30,426.8339311706519,426.8339311706519,416.2948325270777,423.2167053222656,45437,0.0,0.0
2015-10-05 00:00:00+05:30,423.21666095081207,424.69034439169985,413.92796065729044,416.0715026855469,40498,0.0,0.0
2015-10-06 00:00:00+05:30,417.9917994861297,424.2438135810077,411.8291053296451,417.54522705078125,90140,0.0,0.0
2015-10-07 00:00:00+05:30,417.5451812157517,422.18954493619873,407.27401633023055,409.7748107910156,80158,0.0,0.0
2015-10-08 00:00:00+05:30,410.80199036036936,416.5627583688342,406.82748482007264,408.7030944824219,57581,0.0,0.0
2015-10-09 00:00:00+05:30,414.9550762984027,414.9550762984027,394.76999852434164,396.19903564453125,101451,0.0,0.0
2015-10-12 00:00:00+05:30,396.55634704988785,406.20230134575064,396.55634704988785,399.9502868652344,71028,0.0,0.0
2015-10-13 00:00:00+05:30,403.38887526888846,409.99814185859117,400.1289019432194,405.04119873046875,271091,0.0,0.0
2015-10-14 00:00:00+05:30,404.59462909797816,407.2740637277661,395.79714661218406,398.2086486816406,112710,0.0,0.0
2015-10-15 00:00:00+05:30,399.23570543939405,414.4191662726596,399.23570543939405,410.80194091796875,140880,0.0,0.0
2015-10-16 00:00:00+05:30,415.66957723799675,453.5835842411193,415.6249309014199,436.0332946777344,2373254,0.0,0.0
2015-10-19 00:00:00+05:30,439.82913895931273,511.7272906672256,428.6648296878977,501.0988464355469,2071988,0.0,0.0
2015-10-20 00:00:00+05:30,496.5884450791792,523.7400653204533,478.72555137129507,486.1386413574219,1387477,0.0,0.0
2015-10-21 00:00:00+05:30,482.1195792371525,486.62994982803264,462.29175265998975,469.88348388671875,263791,0.0,0.0
2015-10-23 00:00:00+05:30,469.34758478245885,496.58850074033705,467.60594154807933,469.7048645019531,504664,0.0,0.0
2015-10-26 00:00:00+05:30,467.2933453608479,498.8659905530665,461.57719714016525,494.31097412109375,709128,0.0,0.0
2015-10-27 00:00:00+05:30,498.3747989554111,529.9921467159398,494.84686608883294,517.3541259765625,1403205,0.0,0.0
2015-10-28 00:00:00+05:30,517.3540448501705,517.3540448501705,497.30293630939656,508.2886047363281,268676,0.0,0.0
2015-10-29 00:00:00+05:30,502.4385824405508,509.09252191915795,493.46248835146446,498.2854919433594,317359,0.0,0.0
2015-10-30 00:00:00+05:30,500.42901140315456,545.5328229798865,497.6602843789844,505.2966613769531,1797286,0.0,0.0
2015-11-02 00:00:00+05:30,508.19950355107073,531.421273484863,506.6811461527508,527.2681274414062,581258,0.0,0.0
2015-11-03 00:00:00+05:30,529.4563118051929,534.9938213596438,472.4290289463604,524.6333618164062,421106,0.0,0.0
2015-11-04 00:00:00+05:30,526.9555020787216,535.7976585799146,519.3637702691128,522.534423828125,248396,0.0,0.0
2015-11-05 00:00:00+05:30,519.0064361915771,527.6253055612656,509.0925504357534,512.6204833984375,145842,0.0,0.0
2015-11-06 00:00:00+05:30,512.6651094434076,513.5582542333786,490.1132034966375,497.25836181640625,288270,0.0,0.0
2015-11-09 00:00:00+05:30,478.05585161170404,538.2984915497743,478.05585161170404,530.8406982421875,489057,0.0,0.0
2015-11-10 00:00:00+05:30,530.4387095425064,555.0894837997616,507.75281020139096,511.5486755371094,710676,0.0,0.0
2015-11-13 00:00:00+05:30,513.5583211158515,516.5950356025278,497.92828525580387,504.26959228515625,241177,0.0,0.0
2015-11-16 00:00:00+05:30,502.3938684146922,535.8867929756716,502.3938684146922,531.1531372070312,418488,0.0,0.0
2015-11-17 00:00:00+05:30,536.5568511249779,558.2156170671848,531.1533348544164,555.2682495117188,811940,0.0,0.0
2015-11-18 00:00:00+05:30,555.9826333546719,563.5743640912417,529.9027945099268,534.1005859375,340786,0.0,0.0
2015-11-19 00:00:00+05:30,546.381407573905,550.1326271595287,536.5121670606287,542.6301879882812,185785,0.0,0.0
2015-11-20 00:00:00+05:30,536.4227698159103,540.7992013430556,519.1404389440976,521.5519409179688,191694,0.0,0.0
2015-11-23 00:00:00+05:30,522.4897605288801,529.6349196472238,511.50408928707435,517.756103515625,214093,0.0,0.0
2015-11-24 00:00:00+05:30,518.0240480479033,540.3526708085888,517.1755494803494,524.8566284179688,256154,0.0,0.0
2015-11-26 00:00:00+05:30,527.8486989035147,528.5632040061496,515.8358876620293,522.9364013671875,106976,0.0,0.0
2015-11-27 00:00:00+05:30,526.3748121241073,526.5980983012216,506.413049695374,510.6554870605469,214143,0.0,0.0
2015-11-30 00:00:00+05:30,511.63804025668736,518.5599133141725,505.3413795393003,508.6460266113281,158488,0.0,0.0
2015-12-01 00:00:00+05:30,509.09257392464303,526.0623263887978,509.09257392464303,519.4083862304688,237016,0.0,0.0
2015-12-02 00:00:00+05:30,523.2042700406187,523.7401896870491,510.8788813580545,512.8438110351562,88474,0.0,0.0
2015-12-03 00:00:00+05:30,513.5582334117848,530.5279837332178,512.8883748464651,518.068603515625,233407,0.0,0.0
2015-12-04 00:00:00+05:30,515.2999394742785,523.3828895796445,507.8421471622582,518.738525390625,266331,0.0,0.0
2015-12-07 00:00:00+05:30,525.7496176419542,538.0303565237245,518.0685409788767,532.314208984375,218922,0.0,0.0
2015-12-08 00:00:00+05:30,531.2426012458528,539.4595456249069,525.2138728800115,530.8853759765625,128818,0.0,0.0
2015-12-09 00:00:00+05:30,528.7863982356605,538.4770525788533,521.5965930863468,526.6428833007812,145902,0.0,0.0
2015-12-10 00:00:00+05:30,532.3143647971399,532.3143647971399,518.9171911864736,526.77685546875,166816,0.0,0.0
2015-12-11 00:00:00+05:30,528.6970802860521,537.5838820331364,516.237699305023,528.0272216796875,475700,0.0,0.0
2015-12-14 00:00:00+05:30,520.2569167138648,529.6349383885354,516.2824109109994,526.8662109375,58228,0.0,0.0
2015-12-15 00:00:00+05:30,525.169167156707,538.0751210277458,525.169167156707,534.0559692382812,312715,0.0,0.0
2015-12-16 00:00:00+05:30,534.5470490105647,536.7799105352537,519.988802772236,523.2041015625,70743,0.0,0.0
2015-12-17 00:00:00+05:30,531.1533613610189,531.644580225903,525.1692787447812,530.7960815429688,121362,0.0,0.0
2015-12-18 00:00:00+05:30,534.1006245588053,537.4945641132208,525.1691759875879,526.8214721679688,117300,0.0,0.0
2015-12-21 00:00:00+05:30,526.9554298102432,530.7959415316375,522.4897058288004,525.4370727539062,163039,0.0,0.0
2015-12-22 00:00:00+05:30,525.5263812987818,548.8374369625253,522.6683072581702,526.4641723632812,292167,0.0,0.0
2015-12-23 00:00:00+05:30,527.446640185955,535.842222943297,523.5614821889692,529.0096435546875,72650,0.0,0.0
2015-12-24 00:00:00+05:30,533.5646262390094,534.0558448851405,522.4896109704159,524.1419067382812,54938,0.0,0.0
2015-12-28 00:00:00+05:30,526.9554686516814,529.6349032380459,519.8103097547095,522.4004516601562,50001,0.0,0.0
2015-12-29 00:00:00+05:30,524.2760078788923,533.2074560540011,510.20897700309575,516.9522094726562,93038,0.0,0.0
2015-12-30 00:00:00+05:30,516.2378481910447,525.1692988517893,513.5584129928212,514.808837890625,48920,0.0,0.0
2015-12-31 00:00:00+05:30,515.3446226873015,519.765700976955,510.0750458146656,517.6221313476562,47016,0.0,0.0
2016-01-01 00:00:00+05:30,517.6221366916938,523.3829324308246,511.77204826427044,515.8804931640625,28852,0.0,0.0
2016-01-04 00:00:00+05:30,518.8726293013898,526.3303686866053,511.7721152293281,518.470703125,83533,0.0,0.0
2016-01-05 00:00:00+05:30,521.5965983895068,523.3828881100187,510.96815274716585,511.8612976074219,84155,0.0,0.0
2016-01-06 00:00:00+05:30,513.5582698799798,515.5231993804281,503.7336768909714,508.1547546386719,74680,0.0,0.0
2016-01-07 00:00:00+05:30,509.04794312956267,509.04794312956267,477.7878718462185,480.33331298828125,127776,0.0,0.0
2016-01-08 00:00:00+05:30,484.1291933577654,489.3094229951237,468.99037604940946,478.7256774902344,167192,0.0,0.0
2016-01-11 00:00:00+05:30,477.83239979925565,509.9856080100467,473.3666764366458,484.1290588378906,367324,0.0,0.0
2016-01-12 00:00:00+05:30,489.3986878134578,510.87880863762075,487.96962347296665,497.0350646972656,275146,0.0,0.0
2016-01-13 00:00:00+05:30,502.8405252195601,504.6268148295763,477.1179657379734,488.01434326171875,232044,0.0,0.0
2016-01-14 00:00:00+05:30,482.2981968247377,530.1707367783445,473.5900349376244,509.3604736328125,558492,0.0,0.0
2016-01-15 00:00:00+05:30,514.00488041094,522.4897568034751,447.4655865957966,459.6123352050781,1730012,0.0,0.0
2016-01-18 00:00:00+05:30,450.14496384823934,464.43528016088186,427.63770475318125,435.27410888671875,369101,0.0,0.0
2016-01-19 00:00:00+05:30,442.106714015229,453.7175974136087,416.74140496547693,423.2167053222656,399562,0.0,0.0
2016-01-20 00:00:00+05:30,419.5994353420263,425.76215654938125,386.0618574696893,397.8960266113281,320345,0.0,0.0
2016-01-21 00:00:00+05:30,403.70149844672636,457.91540526910046,403.70149844672636,437.28375244140625,1182074,0.0,0.0
2016-01-22 00:00:00+05:30,439.4273003850999,441.2135902240637,422.4575469149436,429.29010009765625,408483,0.0,0.0
2016-01-25 00:00:00+05:30,433.53251186861786,462.5597472276219,424.243810727178,456.88824462890625,404387,0.0,0.0
2016-01-27 00:00:00+05:30,457.2008666265252,478.7256640627605,446.57244781973924,474.1259460449219,405587,0.0,0.0
2016-01-28 00:00:00+05:30,474.97441581474084,479.9760596351628,463.81010529581016,475.3316955566406,152597,0.0,0.0
2016-01-29 00:00:00+05:30,475.42092586473484,498.3747561829762,473.8579225971359,492.7479553222656,256409,0.0,0.0
2016-02-01 00:00:00+05:30,493.90906330417647,495.6953528640469,468.09715735875614,474.66180419921875,140237,0.0,0.0
2016-02-02 00:00:00+05:30,478.27903270080634,498.37479037731083,476.80532199923675,490.91705322265625,229455,0.0,0.0
2016-02-03 00:00:00+05:30,485.06697439237155,486.7193251687472,475.1530877870721,481.67303466796875,69322,0.0,0.0
2016-02-04 00:00:00+05:30,486.76400131244,499.8932430761762,480.3779930679066,488.46099853515625,139841,0.0,0.0
2016-02-05 00:00:00+05:30,486.76400050476815,486.76400050476815,469.1243876424394,472.1611022949219,98766,0.0,0.0
2016-02-08 00:00:00+05:30,476.40348177718744,491.2296643879665,465.507103773571,469.1689758300781,74893,0.0,0.0
2016-02-09 00:00:00+05:30,465.5071217023261,471.0892771944558,452.19924120379403,454.52142333984375,85593,0.0,0.0
2016-02-10 00:00:00+05:30,455.32526807357084,459.07648763000475,441.2135892786427,451.1721496582031,110747,0.0,0.0
2016-02-11 00:00:00+05:30,446.30441990498184,463.36346196189777,428.8880981608442,433.3984680175781,134868,0.0,0.0
2016-02-12 00:00:00+05:30,441.21357884908633,443.71437365651445,410.84665236959455,438.44482421875,130706,0.0,0.0
2016-02-15 00:00:00+05:30,453.7175538180486,453.7175538180486,440.4543482206663,446.0811767578125,73506,0.0,0.0
2016-02-16 00:00:00+05:30,447.42095041082933,454.07486358941776,439.2486527366849,444.16094970703125,87948,0.0,0.0
2016-02-17 00:00:00+05:30,446.9296397850581,451.0381111997852,424.243767960194,443.4463806152344,91577,0.0,0.0
2016-02-18 00:00:00+05:30,446.61706267991855,461.2200134022076,421.83229357299683,427.771728515625,163945,0.0,0.0
2016-02-19 00:00:00+05:30,429.602612025693,437.19434217583523,414.41915172540865,418.036376953125,193024,0.0,0.0
2016-02-22 00:00:00+05:30,422.1449214310027,426.96789832425645,415.3123685608416,417.00933837890625,85574,0.0,0.0
2016-02-23 00:00:00+05:30,419.4207856226707,421.11775521888933,403.70143236254074,405.30908203125,62724,0.0,0.0
2016-02-24 00:00:00+05:30,404.5946982745009,443.8930795638564,401.0667645061027,413.43682861328125,877644,0.0,0.0
2016-02-25 00:00:00+05:30,412.63295109469846,418.8849655052242,395.48455780889424,397.3155212402344,223702,0.0,0.0
2016-02-26 00:00:00+05:30,401.915218378957,404.59465316815005,376.46058788162304,379.94384765625,339228,0.0,0.0
2016-02-29 00:00:00+05:30,380.3457003959884,387.2675722659453,366.27867046672105,374.7188720703125,238253,0.0,0.0
2016-03-01 00:00:00+05:30,376.86248649728685,420.6712312005575,376.86248649728685,414.999755859375,706796,0.0,0.0
2016-03-02 00:00:00+05:30,419.86742990320835,426.74462939326867,410.93598075511466,414.2406005859375,192552,0.0,0.0
2016-03-03 00:00:00+05:30,416.65208858785206,444.3395800052656,411.33786562283,441.4368591308594,325707,0.0,0.0
2016-03-04 00:00:00+05:30,441.97277090274315,443.6250944627569,423.4400137377094,428.6649169921875,309639,0.0,0.0
2016-03-08 00:00:00+05:30,430.94238138532404,430.94238138532404,414.0619495139892,416.562744140625,122866,0.0,0.0
2016-03-09 00:00:00+05:30,411.7397777525721,415.31235716908026,403.70147406542856,406.11297607421875,124202,0.0,0.0
2016-03-10 00:00:00+05:30,409.0603920842894,434.6489897622553,409.0603920842894,416.5181579589844,456842,0.0,0.0
2016-03-11 00:00:00+05:30,416.51813629836744,423.26136949970834,408.9710508687387,412.945556640625,133019,0.0,0.0
2016-03-14 00:00:00+05:30,414.59781324796023,430.4064593272355,414.59781324796023,420.3139343261719,250238,0.0,0.0
2016-03-15 00:00:00+05:30,422.05558105045594,424.1991504606328,413.97263119302335,418.4830017089844,103562,0.0,0.0
2016-03-16 00:00:00+05:30,420.67125189161874,434.5149979729777,417.9918171661944,431.03173828125,281846,0.0,0.0
2016-03-17 00:00:00+05:30,434.4256731768541,435.85471046577067,414.7318390676775,421.56439208984375,108952,0.0,0.0
2016-03-18 00:00:00+05:30,420.5372751409137,445.5006583575573,420.49260154263004,438.3554992675781,202132,0.0,0.0
2016-03-21 00:00:00+05:30,437.64098556188685,446.5724342468233,429.60268174544404,438.80206298828125,100272,0.0,0.0
2016-03-22 00:00:00+05:30,441.9280356081533,452.645773195319,434.6042646108931,439.3379211425781,133099,0.0,0.0
2016-03-23 00:00:00+05:30,441.2135941752226,459.701705076711,437.3730818897058,451.261474609375,138469,0.0,0.0
2016-03-28 00:00:00+05:30,453.36038893941065,464.43538103586474,434.4257048099154,435.98870849609375,130105,0.0,0.0
2016-03-29 00:00:00+05:30,438.53411481924445,445.5006336428503,431.3889561256519,435.9440002441406,100028,0.0,0.0
2016-03-30 00:00:00+05:30,444.74151796010403,456.8882669068546,439.7845473654076,441.7048034667969,115006,0.0,0.0
2016-03-31 00:00:00+05:30,444.69672673484814,448.9838375143902,437.6408892774123,443.6249694824219,80798,0.0,0.0
2016-04-01 00:00:00+05:30,445.58994096016534,452.8244193838941,440.40971195664514,442.597900390625,175068,0.0,0.0
2016-04-04 00:00:00+05:30,446.2598647562195,458.18335518156687,443.08921111521363,453.3157043457031,148431,0.0,0.0
2016-04-05 00:00:00+05:30,447.06364906957276,457.11152875129784,436.837156769699,441.1689147949219,132156,0.0,0.0
2016-04-06 00:00:00+05:30,441.5708531430722,444.83082672465576,433.66651496812267,437.59637451171875,168915,0.0,0.0
2016-04-07 00:00:00+05:30,441.7493791213054,444.4288132519361,436.3011909377003,440.27569580078125,58561,0.0,0.0
2016-04-08 00:00:00+05:30,441.2135664150567,447.9121529496982,438.5341318012001,445.6792907714844,55546,0.0,0.0
2016-04-11 00:00:00+05:30,448.0907985247132,448.314084745374,439.7845347621607,444.5182189941406,49582,0.0,0.0
2016-04-12 00:00:00+05:30,442.19607255884756,448.35876729544884,440.32046270250254,442.776611328125,40616,0.0,0.0
2016-04-13 00:00:00+05:30,445.5006574523806,449.2518768696454,439.4272831408858,441.4368591308594,61317,0.0,0.0
2016-04-18 00:00:00+05:30,444.7861196537499,458.9871440744943,444.7861196537499,456.35235595703125,209284,0.0,0.0
2016-04-20 00:00:00+05:30,459.96960585044695,461.2200304677622,447.9567965037443,449.3858337402344,100244,0.0,0.0
2016-04-21 00:00:00+05:30,453.40496104733455,462.9169479001788,446.57240864636844,446.9743347167969,397822,0.0,0.0
2016-04-22 00:00:00+05:30,447.4655529928171,451.8419571416231,443.0444752492234,446.3937683105469,44033,0.0,0.0
2016-04-25 00:00:00+05:30,450.5022662580049,453.2710208019117,440.8116389826404,441.9280700683594,127267,0.0,0.0
2016-04-26 00:00:00+05:30,441.30288093471967,442.6425982251975,433.17525725449724,434.9169006347656,100889,0.0,0.0
2016-04-27 00:00:00+05:30,438.9807330452398,438.9807330452398,427.8164214215053,429.3794250488281,88944,0.0,0.0
2016-04-28 00:00:00+05:30,426.9232497682997,434.06840876023773,417.9918010283771,419.4654846191406,80943,0.0,0.0
2016-04-29 00:00:00+05:30,419.73344443530937,431.29965419953805,417.0986561543848,419.4654846191406,106675,0.0,0.0
2016-05-02 00:00:00+05:30,425.0477089925807,429.60275403975294,420.18008499412895,426.5213928222656,71050,0.0,0.0
2016-05-03 00:00:00+05:30,428.7095327865807,431.38896736649684,416.2055047469721,417.4559020996094,99864,0.0,0.0
2016-05-04 00:00:00+05:30,421.3857003109653,423.9311684095093,403.70144440134055,410.53399658203125,164141,0.0,0.0
2016-05-05 00:00:00+05:30,409.68556889005475,413.52608098576314,403.8354535502158,411.42718505859375,71681,0.0,0.0
2016-05-06 00:00:00+05:30,413.88334914396546,441.83880140392046,406.3809372914473,435.4974670410156,1692465,0.0,0.0
2016-05-09 00:00:00+05:30,439.4272396571766,444.339536035458,424.2437781243067,431.2102966308594,266430,0.0,0.0
2016-05-10 00:00:00+05:30,434.6488715406988,435.67598251502244,419.19747882275044,420.4478759765625,121424,0.0,0.0
2016-05-11 00:00:00+05:30,418.61707712384003,429.5581034972337,407.27412459326456,425.1816711425781,125824,0.0,0.0
2016-05-12 00:00:00+05:30,421.5644239502136,428.4862974366843,421.5644239502136,423.48468017578125,71152,0.0,0.0
2016-05-13 00:00:00+05:30,423.484612366486,428.12897634864896,420.7605315590319,423.3059997558594,122868,0.0,0.0
2016-05-16 00:00:00+05:30,424.24383615488836,426.7446310232587,416.205531890901,422.9934387207031,88112,0.0,0.0
2016-05-17 00:00:00+05:30,426.0301672768695,432.9520410638627,420.0014384946497,427.6378173828125,173326,0.0,0.0
2016-05-18 00:00:00+05:30,426.030086937355,434.6936027525645,424.020511055575,427.86102294921875,120170,0.0,0.0
2016-05-19 00:00:00+05:30,427.81638958816717,427.9057095258349,421.56437554408126,422.5021667480469,89240,0.0,0.0
2016-05-20 00:00:00+05:30,419.7780757063431,426.8785881023208,419.7780757063431,424.15447998046875,65172,0.0,0.0
2016-05-23 00:00:00+05:30,423.1719693503238,427.8163329277595,422.18953193594837,424.4223937988281,35300,0.0,0.0
2016-05-24 00:00:00+05:30,424.2438258470433,426.92326053660355,421.11781870922295,424.645751953125,46617,0.0,0.0
2016-05-25 00:00:00+05:30,427.81635862926424,427.81635862926424,423.3506346352218,424.3330993652344,40758,0.0,0.0
2016-05-26 00:00:00+05:30,425.1369794904146,427.7717678920052,422.2342585170032,424.1991882324219,39007,0.0,0.0
2016-05-27 00:00:00+05:30,421.2517172035674,429.5579797585126,417.9917443071954,423.8865051269531,63833,0.0,0.0
2016-05-30 00:00:00+05:30,421.6537422661902,428.62026207134926,421.6537422661902,424.6904296875,44126,0.0,0.0
2016-05-31 00:00:00+05:30,425.1369848972555,442.3746710713239,423.4400149886955,433.711181640625,208638,0.0,0.0
2016-06-01 00:00:00+05:30,433.1752072493555,447.8674494081909,432.5053486814441,443.8929443359375,137781,0.0,0.0
2016-06-02 00:00:00+05:30,446.4830974003899,450.8595016389512,443.2231242051665,446.52777099609375,73771,0.0,0.0
2016-06-03 00:00:00+05:30,449.25181287922845,449.43045273331745,440.2310453800323,443.8929443359375,40905,0.0,0.0
2016-06-06 00:00:00+05:30,440.2310733385756,454.87864283583076,440.2310733385756,450.72552490234375,93166,0.0,0.0
2016-06-07 00:00:00+05:30,454.9680206725308,476.0462464154194,450.59161597857235,458.09405517578125,333521,0.0,0.0
2016-06-08 00:00:00+05:30,458.1833023882578,487.21050965457044,451.12746361176994,483.5039367675781,372353,0.0,0.0
2016-06-09 00:00:00+05:30,482.29821867040704,483.1913635197967,468.5884670375702,470.4194030761719,87744,0.0,0.0
2016-06-10 00:00:00+05:30,472.47362377668844,486.9425811919676,468.99033707020516,475.46563720703125,275366,0.0,0.0
2016-06-13 00:00:00+05:30,467.0254738108093,498.37483690777805,467.0254738108093,495.6061096191406,287835,0.0,0.0
2016-06-14 00:00:00+05:30,497.035203221803,508.4674485657649,496.6779234087981,506.10064697265625,154193,0.0,0.0
2016-06-15 00:00:00+05:30,516.5950476710055,524.2760722392314,492.07820851798795,495.6954345703125,353404,0.0,0.0
2016-06-16 00:00:00+05:30,497.3924090568864,500.83099506433797,483.19138355739074,485.826171875,230430,0.0,0.0
2016-06-17 00:00:00+05:30,487.65712295673666,493.8644910105738,478.36839404750305,483.6826171875,64000,0.0,0.0
2016-06-20 00:00:00+05:30,477.8772256994599,490.33660946557853,475.15314432730014,477.2073669433594,52655,0.0,0.0
2016-06-21 00:00:00+05:30,477.2073002630455,481.76237187599463,470.0621411963685,472.1163635253906,37312,0.0,0.0
2016-06-22 00:00:00+05:30,473.36672668310945,480.51188482172245,461.35391865992034,466.4448547363281,196974,0.0,0.0
2016-06-23 00:00:00+05:30,467.11477268131296,471.22321732789953,461.75590339625006,466.3556213378906,63005,0.0,0.0
2016-06-24 00:00:00+05:30,448.58200519950947,459.96960214583845,447.46557412633996,453.0477294921875,81360,0.0,0.0
2016-06-27 00:00:00+05:30,449.2518621897737,458.09401806202385,444.8754578503818,448.00146484375,70860,0.0,0.0
2016-06-28 00:00:00+05:30,453.6282196172527,453.6282196172527,435.85464428719223,437.10504150390625,202229,0.0,0.0
2016-06-29 00:00:00+05:30,440.32040507776134,451.0381431323924,437.64097056410355,443.4910583496094,133313,0.0,0.0
2016-06-30 00:00:00+05:30,446.12582297769194,463.0062813280865,442.1066714193343,457.9599914550781,372882,0.0,0.0
2016-07-01 00:00:00+05:30,461.75585849525646,467.11472725922465,458.3619191807231,461.7112121582031,620137,0.0,0.0
2016-07-04 00:00:00+05:30,464.5246359194163,472.4736472531674,459.2997601133107,467.739990234375,181000,0.0,0.0
2016-07-05 00:00:00+05:30,468.81176198127906,475.5996411577667,460.99674440356927,473.0988464355469,246018,0.0,0.0
2016-07-07 00:00:00+05:30,473.09880623585696,477.1179577914534,452.5118024693322,454.833984375,254237,0.0,0.0
2016-07-08 00:00:00+05:30,452.60114289753926,454.92332490837646,445.6792704605271,448.9839172363281,163622,0.0,0.0
2016-07-11 00:00:00+05:30,455.4145777021972,455.503897643255,447.5102399094169,449.6984558105469,126771,0.0,0.0
2016-07-12 00:00:00+05:30,450.14505092115803,453.4050245092431,448.3587610365503,450.189697265625,168555,0.0,0.0
2016-07-13 00:00:00+05:30,454.52137707950965,454.52137707950965,447.7334712406166,449.8323669433594,92097,0.0,0.0
2016-07-14 00:00:00+05:30,453.44967851079986,454.25350347280533,439.2040063941477,444.16094970703125,103085,0.0,0.0
2016-07-15 00:00:00+05:30,445.67935203563667,446.572497029696,407.36343724181313,419.956787109375,1887004,0.0,0.0
2016-07-18 00:00:00+05:30,412.6329104950059,437.4623258082923,412.6329104950059,422.1448974609375,284250,0.0,0.0
2016-07-19 00:00:00+05:30,422.4575013779472,425.4495419870214,419.77806690831966,421.47503662109375,144514,0.0,0.0
2016-07-20 00:00:00+05:30,421.47500113115484,423.3059642185292,416.4287387562625,418.8402404785156,151267,0.0,0.0
2016-07-21 00:00:00+05:30,419.77807381302836,421.51971714958046,415.31234962352806,415.9822082519531,115473,0.0,0.0
2016-07-22 00:00:00+05:30,416.6667706188483,424.4250785055081,413.47217325375306,423.19287109375,214817,10.0,0.0
2016-07-25 00:00:00+05:30,423.1928720820146,428.0760479224279,418.0358847515394,420.7284851074219,131528,0.0,0.0
2016-07-26 00:00:00+05:30,419.8613776497188,437.2034780309029,419.8613776497188,426.5700378417969,455057,0.0,0.0
2016-07-27 00:00:00+05:30,430.7686046377195,430.7686046377195,416.894914883418,419.9526062011719,163528,0.0,0.0
2016-07-28 00:00:00+05:30,423.51228170955886,428.98873362821695,412.97012290801194,426.7068786621094,452814,0.0,0.0
2016-07-29 00:00:00+05:30,421.7780365622292,425.20081867912455,409.5473007021241,410.77947998046875,377603,0.0,0.0
2016-08-01 00:00:00+05:30,411.64665473832196,416.210364879545,404.344718512365,407.1285705566406,223516,0.0,0.0
2016-08-02 00:00:00+05:30,410.68837230966085,410.68837230966085,401.6522020637837,403.75152587890625,128849,0.0,0.0
2016-08-03 00:00:00+05:30,405.8507510264988,405.8507510264988,384.2644068987289,385.40533447265625,253602,0.0,0.0
2016-08-04 00:00:00+05:30,386.31806890637296,394.76093278678394,380.65905710952416,388.2348327636719,335047,0.0,0.0
2016-08-05 00:00:00+05:30,387.91535830666834,392.20525694040066,384.2643902284879,386.0898742675781,232558,0.0,0.0
2016-08-08 00:00:00+05:30,388.8281306786249,388.8281306786249,383.57986365655427,384.9033508300781,166558,0.0,0.0
2016-08-09 00:00:00+05:30,385.1771308561122,387.00261488860565,375.59333968552176,378.6053771972656,191031,0.0,0.0
2016-08-10 00:00:00+05:30,371.5772949625514,387.3677213212332,369.70615704303236,371.75982666015625,399837,0.0,0.0
2016-08-11 00:00:00+05:30,371.75984549675945,381.5261970904681,371.75984549675945,377.2819519042969,253188,0.0,0.0
2016-08-12 00:00:00+05:30,380.2939788436463,382.80401954241046,373.31150756165596,375.228271484375,144678,0.0,0.0
2016-08-16 00:00:00+05:30,375.13697574216866,378.7879438759124,372.49002941613975,374.5893249511719,306532,0.0,0.0
2016-08-17 00:00:00+05:30,375.5933453567477,376.50608738677624,371.02963520660495,372.1705627441406,219383,0.0,0.0
2016-08-18 00:00:00+05:30,372.3987059724045,381.2066599912584,371.98796096365396,378.970458984375,336978,0.0,0.0
2016-08-19 00:00:00+05:30,383.35166563756866,386.82007432765676,381.84564680778504,384.08184814453125,450909,0.0,0.0
2016-08-22 00:00:00+05:30,383.3516509464652,384.67513802612706,378.87922058969167,381.024169921875,158027,0.0,0.0
2016-08-23 00:00:00+05:30,382.2563381461727,383.4429194580095,373.4483834242959,376.414794921875,160342,0.0,0.0
2016-08-24 00:00:00+05:30,375.95846130915226,378.51415587402084,373.49407437889954,374.9088134765625,233014,0.0,0.0
2016-08-25 00:00:00+05:30,377.4188335248415,377.5557392599007,358.707621705593,366.9679260253906,771889,0.0,0.0
2016-08-26 00:00:00+05:30,364.77741087568864,368.4740334601571,360.98953635591175,364.5948791503906,306337,0.0,0.0
2016-08-29 00:00:00+05:30,363.27130094902486,364.6404138923001,356.0149912077966,357.0646667480469,137407,0.0,0.0
2016-08-30 00:00:00+05:30,358.662016868362,363.7277243466257,353.0030047454391,361.12640380859375,184868,0.0,0.0
2016-08-31 00:00:00+05:30,360.53306159973147,369.66048088073734,358.8901372710196,365.0967712402344,259149,0.0,0.0
2016-09-01 00:00:00+05:30,366.0095226145102,369.8430499533397,363.4082024813526,364.731689453125,186307,0.0,0.0
2016-09-02 00:00:00+05:30,368.61091263775097,371.48604475967255,364.3666673287544,365.6445007324219,215233,0.0,0.0
2016-09-06 00:00:00+05:30,369.34107782651864,369.5236373847483,360.5787482703723,362.5867919921875,132869,0.0,0.0
2016-09-07 00:00:00+05:30,366.14654522917203,369.66060843585683,362.35867049144485,364.9599914550781,150872,0.0,0.0
2016-09-08 00:00:00+05:30,365.09677348476305,365.09677348476305,358.0230234984958,360.03106689453125,91055,0.0,0.0
2016-09-09 00:00:00+05:30,361.4458863387924,375.04573861242216,357.06473522201213,367.9263610839844,336828,0.0,0.0
2016-09-12 00:00:00+05:30,364.22972630523145,373.12896183989943,358.7076477050781,369.6605529785156,604245,0.0,0.0
2016-09-14 00:00:00+05:30,371.9423961407367,379.60942401172065,371.4860251025272,375.1369934082031,772621,0.0,0.0
2016-09-15 00:00:00+05:30,376.9625060309262,378.3316192489562,368.7478267227462,370.29949951171875,185854,0.0,0.0
2016-09-16 00:00:00+05:30,372.39879079886816,377.0081274352667,363.0888098870247,372.9464416503906,369595,0.0,0.0
2016-09-19 00:00:00+05:30,375.0457102272988,378.60539872210467,372.90076079623714,375.3195495605469,179492,0.0,0.0
2016-09-20 00:00:00+05:30,378.6053846415157,378.78794419022483,370.57326588248503,372.07928466796875,197692,0.0,0.0
2016-09-21 00:00:00+05:30,374.3611794303444,376.00413197882744,372.39878941977895,374.2242736816406,85985,0.0,0.0
2016-09-22 00:00:00+05:30,376.04973636172895,378.7423366353163,375.1826202452374,376.36920166015625,230894,0.0,0.0
2016-09-23 00:00:00+05:30,376.87114268591273,403.4775647528736,375.2282183304164,393.71124267578125,1121747,0.0,0.0
2016-09-26 00:00:00+05:30,394.16767381267107,410.2319400321062,392.2965358311471,402.427978515625,855259,0.0,0.0
2016-09-27 00:00:00+05:30,403.2494520321632,407.99572213398255,394.98914709951,401.97161865234375,286183,0.0,0.0
2016-09-28 00:00:00+05:30,401.78905550826505,405.9420206314265,394.44146540347947,400.7393798828125,339553,0.0,0.0
2016-09-29 00:00:00+05:30,399.7809920757108,402.74740354659224,366.0551643648967,376.59735107421875,308220,0.0,0.0
2016-09-30 00:00:00+05:30,378.69671858440194,399.3703230450841,369.6605767242996,382.3933410644531,302092,0.0,0.0
2016-10-03 00:00:00+05:30,387.8240958784115,396.72333096697616,386.0898915346523,389.1475830078125,182722,0.0,0.0
2016-10-04 00:00:00+05:30,389.238931176362,392.98115199764953,387.00270159367665,388.82818603515625,117619,0.0,0.0
2016-10-05 00:00:00+05:30,391.74886781476823,391.74886781476823,385.31402016173996,388.05224609375,140081,0.0,0.0
2016-10-06 00:00:00+05:30,389.7408313082572,391.10994429880145,380.8415968697197,384.03619384765625,135617,0.0,0.0
2016-10-07 00:00:00+05:30,385.4967167029421,385.7249022783724,369.2955408473884,372.6270446777344,194453,0.0,0.0
2016-10-10 00:00:00+05:30,374.2242424295841,382.1194556318582,369.79743789332315,379.24432373046875,123819,0.0,0.0
2016-10-13 00:00:00+05:30,379.2443103284411,387.9153595417268,374.5893204430052,384.8120422363281,343877,0.0,0.0
2016-10-14 00:00:00+05:30,388.0522736895177,406.078929023856,388.0522736895177,401.88031005859375,872561,0.0,0.0
2016-10-17 00:00:00+05:30,410.73389249828494,411.1902634899497,373.448376908339,375.4107666015625,1095954,0.0,0.0
2016-10-18 00:00:00+05:30,377.8751409589981,382.8952213340572,370.57320586800296,379.6549987792969,470202,0.0,0.0
2016-10-19 00:00:00+05:30,382.8040428867833,394.16769352149856,380.06581650296556,389.2388916015625,524596,0.0,0.0
2016-10-20 00:00:00+05:30,391.56635388072965,393.71130334821464,383.5342346865858,386.2724609375,181413,0.0,0.0
2016-10-21 00:00:00+05:30,387.86973734093874,393.6200009962306,384.9945776586166,390.88177490234375,177029,0.0,0.0
2016-10-24 00:00:00+05:30,395.67370491180094,398.138119752085,388.82813908287704,390.6992492675781,339719,0.0,0.0
2016-10-25 00:00:00+05:30,391.5663437973336,393.9394787246165,381.0698101057967,386.5918884277344,158955,0.0,0.0
2016-10-26 00:00:00+05:30,386.0898703924244,388.5542849623314,381.9825313456965,386.2267761230469,128412,0.0,0.0
2016-10-27 00:00:00+05:30,383.3516588110775,386.18116472085654,369.6605281392533,373.1289367675781,168396,0.0,0.0
2016-10-28 00:00:00+05:30,377.7839726670345,377.7839726670345,370.57331520805997,371.3491516113281,166232,0.0,0.0
2016-11-01 00:00:00+05:30,353.2311782041703,373.5396890957537,353.2311782041703,369.1128845214844,178458,0.0,0.0
2016-11-02 00:00:00+05:30,366.9223683325896,375.045768428718,358.70768844454653,370.3907775878906,319979,0.0,0.0
2016-11-03 00:00:00+05:30,373.95047676724226,375.3652159834842,355.9238189783698,361.21771240234375,269057,0.0,0.0
2016-11-04 00:00:00+05:30,361.94791508267724,377.1907212515327,355.92383873300446,367.8351135253906,452963,0.0,0.0
2016-11-07 00:00:00+05:30,372.3074704896486,375.1369763689629,366.0095560193531,369.5692443847656,112440,0.0,0.0
2016-11-08 00:00:00+05:30,369.5692231335281,378.69664295828636,369.5692231335281,371.71417236328125,166815,0.0,0.0
2016-11-09 00:00:00+05:30,346.8419947246407,372.26186754052696,334.56560245369997,368.7021789550781,346365,0.0,0.0
2016-11-10 00:00:00+05:30,374.2242469643987,376.871193384187,368.10886398189,371.5316467285156,143559,0.0,0.0
2016-11-11 00:00:00+05:30,362.44985136895116,371.4859915381329,360.53308761071867,361.537109375,216899,0.0,0.0
2016-11-15 00:00:00+05:30,365.09684907247964,367.7894494762608,354.14394360030525,364.41229248046875,200695,0.0,0.0
2016-11-16 00:00:00+05:30,369.61490762140215,369.61490762140215,358.02307234003246,365.507568359375,234490,0.0,0.0
2016-11-17 00:00:00+05:30,366.0095242155939,372.3074381386432,363.27129834864434,367.15045166015625,170115,0.0,0.0
2016-11-18 00:00:00+05:30,365.1424552348267,371.8511150436543,363.7733421250528,366.4659423828125,173681,0.0,0.0
2016-11-21 00:00:00+05:30,366.9679341730767,370.5732764528509,357.7036078326908,364.18408203125,148075,0.0,0.0
2016-11-22 00:00:00+05:30,366.60286834235876,367.83507578005157,362.0391577247403,365.5988464355469,336802,0.0,0.0
2016-11-23 00:00:00+05:30,366.831040081317,369.7518259086503,363.4082572467911,364.9142761230469,142152,0.0,0.0
2016-11-24 00:00:00+05:30,365.0968000630336,372.2618303352057,361.85657710434424,365.1880798339844,268688,0.0,0.0
2016-11-25 00:00:00+05:30,366.92232340400705,387.4590206094552,366.46595235499706,380.9785461425781,469448,0.0,0.0
2016-11-28 00:00:00+05:30,385.81610230186305,392.4791085848033,383.3973134187021,385.6791687011719,232404,0.0,0.0
2016-11-29 00:00:00+05:30,387.00270159367665,391.47513290436524,386.2725189589576,388.82818603515625,198683,0.0,0.0
2016-11-30 00:00:00+05:30,389.7864814174243,391.3837800053619,387.04825526667406,388.0979309082031,172392,0.0,0.0
2016-12-01 00:00:00+05:30,388.7824874458907,391.33815404472017,387.86974539564056,388.0979309082031,159640,0.0,0.0
2016-12-02 00:00:00+05:30,383.534232519303,390.60798362752547,382.71274236492854,386.3180847167969,99846,0.0,0.0
2016-12-05 00:00:00+05:30,383.4429892656537,386.0899359744479,374.22428782393297,383.57989501953125,144222,0.0,0.0
2016-12-06 00:00:00+05:30,384.08186394768063,391.56636029804605,380.61345511488395,388.4173889160156,169173,0.0,0.0
2016-12-07 00:00:00+05:30,387.9154448493328,389.74092929568263,383.3973597027442,387.50469970703125,76344,0.0,0.0
2016-12-08 00:00:00+05:30,387.5046310017883,396.9515169076357,387.5046310017883,390.3341369628906,206243,0.0,0.0
2016-12-09 00:00:00+05:30,391.1099881686017,402.5192643695528,389.10194441536305,399.68975830078125,288375,0.0,0.0
2016-12-12 00:00:00+05:30,400.2374022702401,400.69377331045706,389.5583087872931,391.24688720703125,106938,0.0,0.0
2016-12-13 00:00:00+05:30,394.3045594018144,396.0387636986186,388.46301594457464,393.34619140625,159613,0.0,0.0
2016-12-14 00:00:00+05:30,389.87778965622266,399.96360676060226,386.22682118868516,388.1435852050781,155704,0.0,0.0
2016-12-15 00:00:00+05:30,387.00266596088295,394.2589770895213,386.40938914296373,390.2428894042969,103118,0.0,0.0
2016-12-16 00:00:00+05:30,387.96104568877416,392.4335045763772,387.0026775583909,389.8321838378906,101069,0.0,0.0
2016-12-19 00:00:00+05:30,390.19726544044244,390.65363651113296,384.53825302200744,386.45501708984375,51428,0.0,0.0
2016-12-20 00:00:00+05:30,386.54632797433237,394.3046368002635,386.45504818191444,391.42950439453125,98560,0.0,0.0
2016-12-21 00:00:00+05:30,393.3918580382696,402.2454678413274,389.23889248855403,395.354248046875,294184,0.0,0.0
2016-12-22 00:00:00+05:30,396.0844985861902,399.32472233411414,389.2845578868564,394.98919677734375,181661,0.0,0.0
2016-12-23 00:00:00+05:30,394.76098308059727,395.4911656646547,390.5167376195685,392.3878479003906,321306,0.0,0.0
2016-12-26 00:00:00+05:30,389.28447776168645,391.6119588080745,371.9423791040732,374.6349792480469,158525,0.0,0.0
2016-12-27 00:00:00+05:30,375.1369538163717,391.5663094579646,366.92227599557526,386.7744140625,321157,0.0,0.0
2016-12-28 00:00:00+05:30,387.002665323831,390.7905396139657,384.53825041692545,387.8697814941406,129911,0.0,0.0
2016-12-29 00:00:00+05:30,388.37179490776987,394.80661609045643,384.7208262129847,387.13958740234375,382329,0.0,0.0
2016-12-30 00:00:00+05:30,387.4589809845386,394.3045460196011,381.4348781827485,387.64154052734375,371944,0.0,0.0
2017-01-02 00:00:00+05:30,388.1435611704749,395.58240339151916,388.05228139350294,389.1475830078125,114965,0.0,0.0
2017-01-03 00:00:00+05:30,391.1100224926381,397.04284663780066,380.1571163784919,393.30059814453125,208773,0.0,0.0
2017-01-04 00:00:00+05:30,389.7864951567934,405.71385563694275,389.7864951567934,398.73138427734375,358680,0.0,0.0
2017-01-05 00:00:00+05:30,399.8266134381103,408.4520362961788,391.01865889673655,392.9810485839844,445785,0.0,0.0
2017-01-06 00:00:00+05:30,392.4790758007841,394.5327453834626,383.3972813932907,385.7704162597656,158291,0.0,0.0
2017-01-09 00:00:00+05:30,389.7408658309116,395.81059505570346,384.2644133836389,392.6616516113281,218047,0.0,0.0
2017-01-10 00:00:00+05:30,391.56632895436815,398.8682651586454,388.0979203992069,393.43743896484375,221716,0.0,0.0
2017-01-11 00:00:00+05:30,393.8481874469752,397.59043535518185,390.3797788616186,392.1139831542969,108532,0.0,0.0
2017-01-12 00:00:00+05:30,392.9811247317723,399.6897851596849,389.7409012148325,392.3878479003906,189224,0.0,0.0
2017-01-13 00:00:00+05:30,393.62006489899534,397.77303067373856,384.35573734825084,388.280517578125,139196,0.0,0.0
2017-01-16 00:00:00+05:30,389.5126432296719,392.3421489623221,383.3516348130338,389.1018981933594,119327,0.0,0.0
2017-01-17 00:00:00+05:30,389.74091607361197,396.130111419081,371.30351264910024,379.38128662109375,1512766,0.0,0.0
2017-01-18 00:00:00+05:30,383.3516804574324,398.3662990838864,378.8335959387413,395.9931640625,757075,0.0,0.0
2017-01-19 00:00:00+05:30,396.58650647080725,403.6602588877204,393.39190860510456,402.017333984375,320573,0.0,0.0
2017-01-20 00:00:00+05:30,402.06291881257545,413.42656977105713,396.4951861025777,404.8467712402344,500343,0.0,0.0
2017-01-23 00:00:00+05:30,405.3488014729639,409.68432676126525,397.04284219180835,403.4320373535156,231974,0.0,0.0
2017-01-24 00:00:00+05:30,403.933992191701,408.4977025445828,391.5663482772622,396.44952392578125,331331,0.0,0.0
2017-01-25 00:00:00+05:30,400.96760035574425,402.06290203664867,393.02676066056324,398.09246826171875,232997,0.0,0.0
2017-01-27 00:00:00+05:30,397.04284387204405,397.04284387204405,389.96909205593295,390.9731140136719,212632,0.0,0.0
2017-01-30 00:00:00+05:30,390.74489329964524,395.0347643988565,384.4926044282152,386.1811828613281,125315,0.0,0.0
2017-01-31 00:00:00+05:30,384.6295893653332,385.17724030162765,371.9424773054817,374.31561279296875,196404,0.0,0.0
2017-02-01 00:00:00+05:30,374.2242422563278,377.8752104734627,365.78137825420333,372.9920349121094,160893,0.0,0.0
2017-02-02 00:00:00+05:30,374.6806706124358,384.310089616632,372.672626643895,380.6134948730469,199603,0.0,0.0
2017-02-03 00:00:00+05:30,382.4845156142142,392.0683064051434,377.92080571377176,386.7744140625,200721,0.0,0.0
2017-02-06 00:00:00+05:30,390.65363651113296,392.5704005789693,384.31006748666215,386.45501708984375,144273,0.0,0.0
2017-02-07 00:00:00+05:30,390.1972337284289,390.9730700564852,380.7960015781295,385.2227783203125,139594,0.0,0.0
2017-02-08 00:00:00+05:30,385.1771918244512,393.39187127094425,382.43896534228685,391.1100158691406,183220,0.0,0.0
2017-02-09 00:00:00+05:30,391.56641005332375,392.93552337518855,381.75443124662627,386.5007019042969,204329,0.0,0.0
2017-02-10 00:00:00+05:30,387.23082378852223,390.65360655624636,383.3972959468002,387.68719482421875,222596,0.0,0.0
2017-02-13 00:00:00+05:30,388.8281142661478,392.38780269905743,383.3516619525401,390.4710388183594,161477,0.0,0.0
2017-02-14 00:00:00+05:30,392.43347776995887,392.43347776995887,387.9153932246475,389.69525146484375,130208,0.0,0.0
2017-02-15 00:00:00+05:30,390.6535695422378,391.56631152714954,378.78792373838473,381.6630554199219,191136,0.0,0.0
2017-02-16 00:00:00+05:30,381.5261799325574,389.55829889452986,379.7463217790395,386.72882080078125,264910,0.0,0.0
2017-02-17 00:00:00+05:30,389.28448565404545,390.6535987337197,385.26842619126967,387.96099853515625,152923,0.0,0.0
2017-02-20 00:00:00+05:30,387.915375556799,387.915375556799,384.44696687016204,386.5918884277344,80393,0.0,0.0
2017-02-21 00:00:00+05:30,388.0066998067379,388.7825362177126,380.70476248872706,382.3933410644531,286667,0.0,0.0
2017-02-22 00:00:00+05:30,383.1235211724186,386.54630426806256,377.2363231060388,381.2524108886719,192430,0.0,0.0
2017-02-23 00:00:00+05:30,381.25241466638187,387.86979538352983,380.3852984650214,385.9986572265625,189338,0.0,0.0
2017-02-27 00:00:00+05:30,384.85766483262273,386.272431667865,378.14900545529326,379.9288635253906,97434,0.0,0.0
2017-02-28 00:00:00+05:30,380.6134833724665,384.26445203790985,378.879278827317,379.88330078125,138128,0.0,0.0
2017-03-01 00:00:00+05:30,381.52617758946855,384.08184419221624,378.60539188231957,380.52215576171875,158649,0.0,0.0
2017-03-02 00:00:00+05:30,380.61347000766676,382.94095130828794,371.48604866455725,372.9464416503906,152285,0.0,0.0
2017-03-03 00:00:00+05:30,371.3034857135627,382.30204504462966,368.97600443414285,380.5678405761719,161399,0.0,0.0
2017-03-06 00:00:00+05:30,381.52617758946855,383.3060357320557,378.0121151196828,380.52215576171875,86422,0.0,0.0
2017-03-07 00:00:00+05:30,380.5221798113195,385.7248209764073,370.1625512994181,382.0738525390625,110202,0.0,0.0
2017-03-08 00:00:00+05:30,380.97851223211785,383.6711123234827,378.6510312312048,381.16107177734375,140522,0.0,0.0
2017-03-09 00:00:00+05:30,379.88330691791276,386.0899426075567,379.88330691791276,382.0282287597656,109156,0.0,0.0
2017-03-10 00:00:00+05:30,381.61747285964293,384.72079039031365,378.42287554916584,381.1154479980469,83616,0.0,0.0
2017-03-14 00:00:00+05:30,383.03218293116686,387.91535830666834,379.7006801307624,386.0898742675781,118699,0.0,0.0
2017-03-15 00:00:00+05:30,386.08991361887115,386.08991361887115,379.0161622464214,380.7960205078125,111092,0.0,0.0
2017-03-16 00:00:00+05:30,383.35164046087186,387.0026084652611,379.24430145593396,380.15704345703125,288672,0.0,0.0
2017-03-17 00:00:00+05:30,380.79597549228123,390.7448577723037,380.79597549228123,387.64154052734375,250024,0.0,0.0
2017-03-20 00:00:00+05:30,388.14350817369,391.29247899386445,381.70868866858814,384.9945373535156,184481,0.0,0.0
2017-03-21 00:00:00+05:30,385.45094425933894,389.558283353124,379.79196044292945,381.0697937011719,171051,0.0,0.0
2017-03-22 00:00:00+05:30,379.15311968180816,384.26448177998435,372.4444586688696,373.6766662597656,156350,0.0,0.0
2017-03-23 00:00:00+05:30,376.04966429925366,379.24426096199005,375.1369223956147,376.82550048828125,124850,0.0,0.0
2017-03-24 00:00:00+05:30,376.82563007105153,387.8698164738915,376.59744451667336,386.36376953125,330374,0.0,0.0
2017-03-27 00:00:00+05:30,386.2268554395523,391.3382173183197,383.44300287805254,388.0067138671875,197105,0.0,0.0
2017-03-28 00:00:00+05:30,389.2388618821914,391.47506321209534,383.8080354937385,387.9153747558594,142751,0.0,0.0
2017-03-29 00:00:00+05:30,388.4173889160156,390.74489798024456,386.089907706465,388.4173889160156,129001,0.0,0.0
2017-03-30 00:00:00+05:30,388.9193838158573,390.197217084497,378.9248474644541,383.39727783203125,450996,0.0,0.0
2017-03-31 00:00:00+05:30,383.899352420511,399.59850062879843,380.61347512190395,397.5904846191406,385791,0.0,0.0
2017-04-03 00:00:00+05:30,398.092435601602,399.5984543982803,392.9810746011901,396.9971618652344,189488,0.0,0.0
2017-04-05 00:00:00+05:30,399.23340209945655,401.28707189199974,393.6200435707744,395.354248046875,146498,0.0,0.0
2017-04-06 00:00:00+05:30,395.3541796453847,398.22931128657353,385.4509236771346,386.95697021484375,151111,0.0,0.0
2017-04-07 00:00:00+05:30,387.41340525421185,405.2575026172201,386.08991803397316,404.1622009277344,459604,0.0,0.0
2017-04-10 00:00:00+05:30,405.8964722910297,407.7219567126585,390.1972951231496,391.5207824707031,314036,0.0,0.0
2017-04-11 00:00:00+05:30,392.4791150138751,396.1300835256321,387.9154043741789,389.2388916015625,302729,0.0,0.0
2017-04-12 00:00:00+05:30,390.1972252110674,394.57837589612797,385.31404968719824,389.3757629394531,189257,0.0,0.0
2017-04-13 00:00:00+05:30,389.37573750245934,396.22130240983495,388.1435302481967,389.1018981933594,217695,0.0,0.0
2017-04-17 00:00:00+05:30,389.10187915092314,395.9930975332337,386.7743983381911,393.71124267578125,212728,0.0,0.0
2017-04-18 00:00:00+05:30,395.99315241166215,404.80110781113814,387.4133825295544,392.707275390625,356244,0.0,0.0
2017-04-19 00:00:00+05:30,391.0186960179743,396.5408022373468,383.94494499716654,385.2227783203125,171598,0.0,0.0
2017-04-20 00:00:00+05:30,387.7327569689263,390.33407701518047,382.66705044833094,389.0562438964844,166552,0.0,0.0
2017-04-21 00:00:00+05:30,392.4791559652073,396.084498888621,384.3557557498871,387.50469970703125,175153,0.0,0.0
2017-04-24 00:00:00+05:30,391.4750942406033,393.3462323211275,383.7624399498961,391.65765380859375,182998,0.0,0.0
2017-04-25 00:00:00+05:30,391.70329842440873,401.5609306170021,387.6416124626761,398.3663330078125,262594,0.0,0.0
2017-04-26 00:00:00+05:30,393.89383599710334,432.63974868236335,393.89383599710334,418.5378723144531,1568950,0.0,0.0
2017-04-27 00:00:00+05:30,419.86135095405484,427.16328749238625,404.6185472884171,422.69085693359375,501930,0.0,0.0
2017-04-28 00:00:00+05:30,423.7405699288163,429.35392893528916,415.29770450750976,418.811767578125,278202,0.0,0.0
2017-05-02 00:00:00+05:30,419.8613189575691,430.1752923900915,417.1230929643676,422.7821044921875,293006,0.0,0.0
2017-05-03 00:00:00+05:30,422.5995324053422,436.61012722556865,422.55390644868004,429.536376953125,503030,0.0,0.0
2017-05-04 00:00:00+05:30,433.5068685393078,440.3980602047861,425.79418670576723,437.1578369140625,293882,0.0,0.0
2017-05-05 00:00:00+05:30,438.7550843665856,440.7174740680308,423.55790799673895,430.4034729003906,381853,0.0,0.0
2017-05-08 00:00:00+05:30,447.1523316868444,462.3038555237099,433.64376027836795,446.3764953613281,1550551,0.0,0.0
2017-05-09 00:00:00+05:30,447.2436311423502,455.4126841183522,443.09066570932833,453.1308288574219,536918,0.0,0.0
2017-05-10 00:00:00+05:30,453.3589370156949,484.71160066665675,449.2515982469568,481.288818359375,973773,0.0,0.0
2017-05-11 00:00:00+05:30,479.1896429057212,484.6660959675009,462.76028372038223,465.27032470703125,464255,0.0,0.0
2017-05-12 00:00:00+05:30,465.4984242422278,486.03511942938496,463.9467516862169,481.3801574707031,1004226,0.0,0.0
2017-05-15 00:00:00+05:30,484.6660497176701,487.0391568675735,472.480965101731,477.0903015136719,271979,0.0,0.0
2017-05-16 00:00:00+05:30,477.3641524620415,497.21629455773825,477.3641524620415,482.9775390625,663692,0.0,0.0
2017-05-17 00:00:00+05:30,482.84049373772626,485.57871960013307,473.62182228469595,477.40966796875,446369,0.0,0.0
2017-05-18 00:00:00+05:30,472.57220800709933,486.94789564806854,466.41119901811254,468.69305419921875,544886,0.0,0.0
2017-05-19 00:00:00+05:30,472.8004308565314,476.4513994345741,449.9818772437644,455.9603271484375,364678,0.0,0.0
2017-05-22 00:00:00+05:30,463.49042204987785,464.31191221442486,441.6758916750025,444.6423034667969,460884,0.0,0.0
2017-05-23 00:00:00+05:30,446.3308596452514,453.63279599936595,433.552471025551,448.1107177734375,546477,0.0,0.0
2017-05-24 00:00:00+05:30,450.8945875722465,451.2596788333533,435.9712489915818,439.85040283203125,318536,0.0,0.0
2017-05-25 00:00:00+05:30,440.12431331764884,451.8074026897741,439.16591726580054,449.3886413574219,350732,0.0,0.0
2017-05-26 00:00:00+05:30,451.80734705889245,459.10928398105636,449.1604004955438,456.5992431640625,308238,0.0,0.0
2017-05-29 00:00:00+05:30,457.2838380846817,474.16956863271884,447.33495376515276,469.8796691894531,356864,0.0,0.0
2017-05-30 00:00:00+05:30,470.24476192021274,481.3802271760127,462.66898544137194,478.3681335449219,289727,0.0,0.0
2017-05-31 00:00:00+05:30,475.6299428308455,480.28496152240945,470.56423471271825,476.95343017578125,322371,0.0,0.0
2017-06-01 00:00:00+05:30,472.8003023559821,500.1825592491857,470.335888093725,489.9598388671875,501233,0.0,0.0
2017-06-02 00:00:00+05:30,489.22978587956624,497.44446512008136,485.6700692582661,493.38275146484375,258692,0.0,0.0
2017-06-05 00:00:00+05:30,493.839056020404,515.6992384191572,493.839056020404,507.4389343261719,408970,0.0,0.0
2017-06-06 00:00:00+05:30,509.309993612251,527.4735801843116,498.0832790884738,500.77587890625,791737,0.0,0.0
2017-06-07 00:00:00+05:30,502.00813194351855,514.7865207566263,482.7036151314034,488.8646240234375,579042,0.0,0.0
2017-06-08 00:00:00+05:30,489.09282977478114,520.2629946316292,487.40427918121054,515.6080322265625,881054,0.0,0.0
2017-06-09 00:00:00+05:30,516.6120149966625,524.826693680355,511.5006816549959,523.4575805664062,624254,0.0,0.0
2017-06-12 00:00:00+05:30,520.2630561270656,520.2630561270656,500.63909874683424,506.9370422363281,251364,0.0,0.0
2017-06-13 00:00:00+05:30,506.93696729250934,520.9019098032026,502.73832035043927,504.8376159667969,263218,0.0,0.0
2017-06-14 00:00:00+05:30,503.8336779620365,521.175779196237,503.8336779620365,516.3382568359375,467919,0.0,0.0
2017-06-15 00:00:00+05:30,520.6281404684161,520.6281404684161,506.6175151526625,516.8858642578125,265862,0.0,0.0
2017-06-16 00:00:00+05:30,520.2629435667213,535.5969981299755,515.8361671201133,518.7568969726562,669256,0.0,0.0
2017-06-19 00:00:00+05:30,518.4374974002851,533.0413705664903,517.0683842909533,520.9931640625,265541,0.0,0.0
2017-06-20 00:00:00+05:30,524.8266833308387,542.9445908977356,521.6320861279554,526.2870483398438,935497,0.0,0.0
2017-06-21 00:00:00+05:30,522.0885029225694,534.6387073197466,522.0885029225694,530.6226196289062,535558,0.0,0.0
2017-06-22 00:00:00+05:30,530.3031618958249,534.8668724112796,519.1676970962443,522.9099731445312,347700,0.0,0.0
2017-06-23 00:00:00+05:30,520.719329020442,525.0092277107719,504.8375953870854,514.42138671875,221430,0.0,0.0
2017-06-27 00:00:00+05:30,514.2845619720667,518.6657130344456,503.97058709143204,509.8121032714844,254127,0.0,0.0
2017-06-28 00:00:00+05:30,512.961081814071,545.8197987986023,502.51017318684137,526.926025390625,1127415,0.0,0.0
2017-06-29 00:00:00+05:30,523.913980860074,538.3352953237584,519.8066412888713,522.1797485351562,764985,0.0,0.0
2017-06-30 00:00:00+05:30,523.8683906191359,529.1166582068948,515.8362704962641,527.06298828125,360077,0.0,0.0
2017-07-03 00:00:00+05:30,526.6522646142536,530.303233519725,512.9611312187358,516.2013549804688,269215,0.0,0.0
2017-07-04 00:00:00+05:30,515.6993373927687,522.5449038183364,514.0107866248735,515.8818969726562,299852,0.0,0.0
2017-07-05 00:00:00+05:30,517.8898238006843,520.2629306744067,513.3261138824878,518.1636352539062,160008,0.0,0.0
2017-07-06 00:00:00+05:30,520.1717671268141,520.1717671268141,505.65914483779795,507.1651916503906,229685,0.0,0.0
2017-07-07 00:00:00+05:30,506.52619278687644,514.8777488054529,503.05778426886565,508.62548828125,324043,0.0,0.0
2017-07-10 00:00:00+05:30,511.591983018012,519.2590394807951,502.1451239025833,516.5208129882812,85727,0.0,0.0
2017-07-11 00:00:00+05:30,517.9355287188455,548.5580157965658,517.9355287188455,537.331298828125,1552728,0.0,0.0
2017-07-12 00:00:00+05:30,534.8669253269104,541.9863032934848,525.9676889413516,528.2039184570312,528382,0.0,0.0
2017-07-13 00:00:00+05:30,531.6722539844948,539.8869325868303,518.6200535693214,521.1757202148438,810927,0.0,0.0
2017-07-14 00:00:00+05:30,519.3502360625918,531.0333233769619,511.54630253252043,513.7825317382812,456242,0.0,0.0
2017-07-17 00:00:00+05:30,517.5247276592512,518.4374696833416,502.7382957271165,506.0242004394531,378961,0.0,0.0
2017-07-18 00:00:00+05:30,505.65915166750034,509.76649134711,497.62703188035783,500.50213623046875,421616,0.0,0.0
2017-07-19 00:00:00+05:30,501.55171399438905,510.5422001416681,498.402743046731,502.0537109375,352218,0.0,0.0
2017-07-20 00:00:00+05:30,506.1156244071234,508.8082254353836,486.2178526597726,497.7183837890625,1200149,0.0,0.0
2017-07-21 00:00:00+05:30,501.09542837550276,506.5262551800962,493.1545607183909,496.2122802734375,399680,0.0,0.0
2017-07-24 00:00:00+05:30,495.61899844153226,498.53978452817955,487.495570842632,490.18817138671875,400719,0.0,0.0
2017-07-25 00:00:00+05:30,490.7357635503278,492.83505902970404,481.0150388682071,482.56671142578125,375256,0.0,0.0
2017-07-26 00:00:00+05:30,482.56670921775725,487.40423070271174,475.53858463691535,476.40570068359375,277736,0.0,0.0
2017-07-27 00:00:00+05:30,474.62579506394866,484.4377706349822,473.8956126749501,478.4136962890625,358518,0.0,0.0
2017-07-28 00:00:00+05:30,479.18958332989604,480.9694414955637,470.6097856493904,472.7091369628906,226743,0.0,0.0
2017-07-31 00:00:00+05:30,478.2768935935227,478.2768935935227,465.49850330667283,470.5185852050781,319095,0.0,0.0
2017-08-01 00:00:00+05:30,470.8836802034455,474.62590059749033,459.15491058037367,461.5280456542969,405903,0.0,0.0
2017-08-02 00:00:00+05:30,464.4032204221724,471.47697247528043,460.43281413417304,466.0461730957031,678588,0.0,0.0
2017-08-03 00:00:00+05:30,467.32395195625554,468.0541344893159,454.77374816836783,458.2421569824219,349679,0.0,0.0
2017-08-04 00:00:00+05:30,456.55358970430353,462.21257376536187,453.45024441553926,458.92669677734375,270064,0.0,0.0
2017-08-07 00:00:00+05:30,458.9267088849472,462.89714252294056,451.8073317686457,456.0059509277344,278026,0.0,0.0
2017-08-08 00:00:00+05:30,456.37109324167915,460.524059048306,444.1403535137383,446.51348876953125,243121,0.0,0.0
2017-08-09 00:00:00+05:30,446.6046468544184,458.19648132870793,438.11615744577654,440.3523864746094,365134,0.0,0.0
2017-08-10 00:00:00+05:30,438.11619329378556,446.6046833969817,422.325766635693,433.8719482421875,355151,0.0,0.0
2017-08-11 00:00:00+05:30,424.4250885413813,450.7577044444007,422.2345130101681,437.7511291503906,412974,0.0,0.0
2017-08-14 00:00:00+05:30,442.2691415156343,447.1979707838982,435.7430415422477,443.3188171386719,108169,0.0,0.0
2017-08-16 00:00:00+05:30,443.31879352502386,455.0018797982339,443.31879352502386,448.0194091796875,295394,0.0,0.0
2017-08-17 00:00:00+05:30,451.76171689225504,459.9307420351221,450.25567013232643,455.5495910644531,630944,0.0,0.0
2017-08-18 00:00:00+05:30,454.5455924880487,457.8314698119104,447.83693208822285,453.3133850097656,218393,0.0,0.0
2017-08-21 00:00:00+05:30,451.85294855207854,456.05156762587666,438.29875115810063,441.3564147949219,95434,0.0,0.0
2017-08-22 00:00:00+05:30,442.4516734592752,446.33082686247667,434.8302723785209,441.9496765136719,350541,0.0,0.0
2017-08-23 00:00:00+05:30,443.59264378397035,457.831425575132,443.59264378397035,452.6744384765625,266265,0.0,0.0
2017-08-24 00:00:00+05:30,452.6744732089401,460.93477839272003,449.52550169983095,453.72412109375,353816,0.0,0.0
2017-08-28 00:00:00+05:30,455.3214342392262,457.8771011574347,442.7712294799018,451.8986511230469,578555,0.0,0.0
2017-08-29 00:00:00+05:30,449.8449108136254,456.37101069563784,447.1979645225259,454.7737121582031,248883,0.0,0.0
2017-08-30 00:00:00+05:30,460.6609423894893,464.585722221196,453.0395403931176,458.4247131347656,326487,0.0,0.0
2017-08-31 00:00:00+05:30,462.66901027494396,464.403214864014,449.1604370125571,455.047607421875,382955,0.0,0.0
2017-09-01 00:00:00+05:30,457.28381353602197,469.51458053310444,452.99391432305373,468.46490478515625,364237,0.0,0.0
2017-09-04 00:00:00+05:30,473.62182945533453,474.85400882833363,463.62729376436295,465.8634948730469,207130,0.0,0.0
2017-09-05 00:00:00+05:30,467.3239089720795,474.5802190911529,462.44073364919,469.9252014160156,335426,0.0,0.0
2017-09-06 00:00:00+05:30,470.0621296463737,470.51850064603036,464.6313036085892,467.6433410644531,118633,0.0,0.0
2017-09-07 00:00:00+05:30,471.88770720171397,471.88770720171397,458.42476004267087,461.4367980957031,299214,0.0,0.0
2017-09-08 00:00:00+05:30,463.6729511252382,464.03804236621266,450.11872641215774,452.12677001953125,437652,0.0,0.0
2017-09-11 00:00:00+05:30,456.27975252448374,458.1052366536913,447.9737941656541,455.1844787597656,327104,0.0,0.0
2017-09-12 00:00:00+05:30,456.37107536823254,463.5817327881146,455.8690783271994,460.88916015625,219576,0.0,0.0
2017-09-13 00:00:00+05:30,464.2662932107135,464.8595700426244,455.640896528286,457.010009765625,232185,0.0,0.0
2017-09-14 00:00:00+05:30,456.77599918002306,465.388215029,455.1378026874162,463.0947570800781,299335,12.5,0.0
2017-09-15 00:00:00+05:30,462.8606989198859,471.94097031931403,458.97581034995045,467.6816711425781,349265,0.0,0.0
2017-09-18 00:00:00+05:30,467.9624734426692,474.56208145767306,467.5880342839451,470.2091369628906,218863,0.0,0.0
2017-09-19 00:00:00+05:30,470.2091447143422,476.2002856241994,466.043462582065,473.90679931640625,275379,0.0,0.0
2017-09-20 00:00:00+05:30,477.4172225399405,500.0711492327121,474.65568011966644,498.4329528808594,853040,0.0,0.0
2017-09-21 00:00:00+05:30,502.69218716012904,506.6238693248437,487.71439387416615,504.33038330078125,562497,0.0,0.0
2017-09-22 00:00:00+05:30,504.33051706258044,509.24510678801624,477.4640818030455,486.2167663574219,549192,0.0,0.0
2017-09-25 00:00:00+05:30,487.71451099545254,489.5399414176932,466.230722164566,472.78350830078125,297297,0.0,0.0
2017-09-26 00:00:00+05:30,470.02190379240074,496.13942637278956,468.14967954193736,481.3956604003906,333505,0.0,0.0
2017-09-27 00:00:00+05:30,482.23826965618537,506.1559272687074,482.23826965618537,490.8973083496094,941728,0.0,0.0
2017-09-28 00:00:00+05:30,490.5228063272019,531.8521839512485,485.88903938226514,512.8490600585938,1191922,0.0,0.0
2017-09-29 00:00:00+05:30,512.8491096797912,519.2615133285176,502.6923139012676,507.8877258300781,363013,0.0,0.0
2017-10-03 00:00:00+05:30,507.84087422895806,524.2228379137632,504.9857434139002,514.7681274414062,451197,0.0,0.0
2017-10-04 00:00:00+05:30,514.8617032845992,522.3973949691594,507.4195999645166,512.2406005859375,238709,0.0,0.0
2017-10-05 00:00:00+05:30,515.9381800313004,530.7755331930696,509.7130120346144,526.2354125976562,363851,0.0,0.0
2017-10-06 00:00:00+05:30,525.7674294481703,532.6478311259885,523.2399151316697,529.4650268554688,207705,0.0,0.0
2017-10-09 00:00:00+05:30,527.0311295955711,535.4561387720545,524.22279320341,532.039306640625,128825,0.0,0.0
2017-10-10 00:00:00+05:30,528.0608477900464,568.4541104392481,525.4865393442532,565.8330078125,823642,0.0,0.0
2017-10-11 00:00:00+05:30,565.5053071277372,578.6577280825668,550.9487751329028,555.769775390625,975374,0.0,0.0
2017-10-12 00:00:00+05:30,559.2334234632676,583.1978717431979,555.769797067498,573.6027221679688,1064146,0.0,0.0
2017-10-13 00:00:00+05:30,573.836577038466,590.499356918472,573.836577038466,583.6189575195312,1685310,0.0,0.0
2017-10-16 00:00:00+05:30,586.0061425283087,591.4823751592992,579.6405920238403,585.8189086914062,613894,0.0,0.0
2017-10-17 00:00:00+05:30,586.5678615450819,602.1073578134943,583.3383202744661,593.0738525390625,618425,0.0,0.0
2017-10-18 00:00:00+05:30,596.3970747528131,605.0093186363847,569.8583160702111,574.3984375,2324491,0.0,0.0
2017-10-19 00:00:00+05:30,577.159992882269,580.2960031825969,571.028469108339,572.76025390625,106899,0.0,0.0
2017-10-23 00:00:00+05:30,573.6962664901296,582.261714893097,569.2965854141653,573.2282104492188,489875,0.0,0.0
2017-10-24 00:00:00+05:30,578.5173110375906,580.3895353451557,564.5692170919306,569.43701171875,282450,0.0,0.0
2017-10-25 00:00:00+05:30,569.4369707090113,582.2617177193688,569.4369707090113,573.6494750976562,441126,0.0,0.0
2017-10-26 00:00:00+05:30,573.8366506357937,578.6107989368683,566.441343050628,570.185791015625,489910,0.0,0.0
2017-10-27 00:00:00+05:30,574.7729630254704,606.0859314773817,566.5351860574694,600.2352294921875,706079,0.0,0.0
2017-10-30 00:00:00+05:30,603.7922845213302,611.0003588799744,596.9586778445946,601.2647705078125,277061,0.0,0.0
2017-10-31 00:00:00+05:30,599.1116988871036,652.3764962205828,599.1116988871036,633.7010498046875,1869013,0.0,0.0
2017-11-01 00:00:00+05:30,618.7701712287671,632.6714147023731,610.4856010189624,612.3109741210938,517691,0.0,0.0
2017-11-02 00:00:00+05:30,617.8340310950263,623.450704104981,594.4312268868813,601.6860961914062,515707,0.0,0.0
2017-11-03 00:00:00+05:30,606.6006898097013,615.9150173843927,602.8562411071722,607.3963623046875,241138,0.0,0.0
2017-11-06 00:00:00+05:30,608.3793128558422,620.1743031635963,591.6228824141779,595.2737426757812,251796,0.0,0.0
2017-11-07 00:00:00+05:30,599.111813159953,613.5747582016685,587.129588323905,598.4097290039062,451524,0.0,0.0
2017-11-08 00:00:00+05:30,593.4951727515345,618.2085592661539,592.1845927334266,601.5457153320312,358243,0.0,0.0
2017-11-09 00:00:00+05:30,605.009435877558,636.4628469645855,604.0733234726302,617.8809814453125,1106089,0.0,0.0
2017-11-10 00:00:00+05:30,618.6764746870465,618.6764746870465,581.5596091709714,585.2572631835938,373754,0.0,0.0
2017-11-13 00:00:00+05:30,590.4059644206646,597.1459835560019,585.5381696487125,594.6184692382812,240138,0.0,0.0
2017-11-14 00:00:00+05:30,603.7922605487713,615.025604931074,599.0649062150344,608.9876708984375,757574,0.0,0.0
2017-11-15 00:00:00+05:30,612.1706394252684,612.1706394252684,580.0151481949093,591.1549072265625,314568,0.0,0.0
2017-11-16 00:00:00+05:30,594.4311651799657,601.9668559255703,592.5589410376665,596.9586791992188,224066,0.0,0.0
2017-11-17 00:00:00+05:30,605.6645917691878,605.6645917691878,597.0055539425032,601.1712646484375,331845,0.0,0.0
2017-11-20 00:00:00+05:30,602.856315888062,607.9113451178249,597.8481379814947,600.8905029296875,178029,0.0,0.0
2017-11-21 00:00:00+05:30,603.3711664061906,603.69883998986,590.6868562762224,596.4439697265625,162814,0.0,0.0
2017-11-22 00:00:00+05:30,598.222476412801,606.8815140663799,588.9081488069359,598.924560546875,261980,0.0,0.0
2017-11-23 00:00:00+05:30,603.8859732868207,620.5956107788137,600.0479360199347,614.1364135742188,471020,0.0,0.0
2017-11-24 00:00:00+05:30,620.6423167627757,625.3228772210169,612.2173079379418,616.85107421875,355474,0.0,0.0
2017-11-27 00:00:00+05:30,621.4849416729185,621.4849416729185,594.4312749658396,599.1586303710938,421324,0.0,0.0
2017-11-28 00:00:00+05:30,599.1117300107591,606.8346546554291,592.5121512870087,598.222412109375,318763,0.0,0.0
2017-11-29 00:00:00+05:30,604.6817027899333,604.6817027899333,590.0783178075596,592.1845703125,195735,0.0,0.0
2017-11-30 00:00:00+05:30,599.1117713223788,603.6050981801465,591.7164625408178,598.1756591796875,655715,0.0,0.0
2017-12-01 00:00:00+05:30,597.0522776499015,605.992136653429,587.0827182049928,591.0143432617188,213895,0.0,0.0
2017-12-04 00:00:00+05:30,589.7507060828964,602.6690434556563,569.6710872819704,583.8532104492188,338335,0.0,0.0
2017-12-05 00:00:00+05:30,583.8532498999832,601.7797660702743,578.0493422430227,597.5672607421875,233583,0.0,0.0
2017-12-06 00:00:00+05:30,596.7714688656707,609.2685426534994,590.8739740122655,593.8226928710938,508579,0.0,0.0
2017-12-07 00:00:00+05:30,594.8057150914344,598.2692845249105,581.6532929649339,588.2529296875,299403,0.0,0.0
2017-12-08 00:00:00+05:30,593.4950813698825,598.5969038277357,586.3338008302837,590.2186889648438,186091,0.0,0.0
2017-12-11 00:00:00+05:30,587.1294845314623,603.7922674621844,587.1294845314623,601.6392211914062,215827,0.0,0.0
2017-12-12 00:00:00+05:30,603.792378139065,610.3451636382487,587.8784704981905,590.7803955078125,481636,0.0,0.0
2017-12-13 00:00:00+05:30,596.3035287028957,596.7715848478745,571.0752910613904,574.0708618164062,311832,0.0,0.0
2017-12-14 00:00:00+05:30,581.1384764295082,584.3680751361466,569.6711013066923,578.6109619140625,423302,0.0,0.0
2017-12-15 00:00:00+05:30,581.3257570138727,587.5509268635758,572.6667179601235,574.6793823242188,161072,0.0,0.0
2017-12-18 00:00:00+05:30,575.7090746811078,582.1214211952025,565.0842227425172,577.8621215820312,266562,0.0,0.0
2017-12-19 00:00:00+05:30,575.8962288657083,589.7506778060651,575.8962288657083,582.5426025390625,428526,0.0,0.0
2017-12-20 00:00:00+05:30,585.0700349538092,602.8561640164049,583.5254272072328,599.0181274414062,342907,0.0,0.0
2017-12-21 00:00:00+05:30,605.196549394689,611.187690448722,598.5033241766249,608.7069702148438,316559,0.0,0.0
2017-12-22 00:00:00+05:30,604.0263611370801,613.1534545444207,599.6266226315196,602.9030151367188,201042,0.0,0.0
2017-12-26 00:00:00+05:30,603.8391122944795,606.787888330274,589.2825802383779,595.0864868164062,208504,0.0,0.0
2017-12-27 00:00:00+05:30,594.1971280585625,605.3836785645613,593.77586620585,599.2989501953125,219847,0.0,0.0
2017-12-28 00:00:00+05:30,598.9245422776336,618.7701312892499,597.2863460147648,608.0516357421875,539622,0.0,0.0
2017-12-29 00:00:00+05:30,608.3792893896896,615.02566258463,600.5627189094854,603.839111328125,426993,0.0,0.0
2018-01-01 00:00:00+05:30,604.7284272505827,620.6423332308613,597.4267641691342,612.0300903320312,213259,0.0,0.0
2018-01-02 00:00:00+05:30,620.3615856374201,620.3615856374201,597.052368279065,601.4989013671875,395374,0.0,0.0
2018-01-03 00:00:00+05:30,600.9840469534628,616.2894589397977,600.1883744184964,604.6817016601562,310252,0.0,0.0
2018-01-04 00:00:00+05:30,608.1920934533888,613.8555607029485,601.4988685266117,611.4216918945312,276774,0.0,0.0
2018-01-05 00:00:00+05:30,613.1534253349048,629.0673310306198,610.2046493663994,626.72705078125,424659,0.0,0.0
2018-01-08 00:00:00+05:30,630.9396622758861,660.8016661785584,629.1142319445239,659.06982421875,909477,0.0,0.0
2018-01-09 00:00:00+05:30,664.6396227586899,664.7800624346999,643.1090434298873,645.8237915039062,360240,0.0,0.0
2018-01-10 00:00:00+05:30,646.7599097854363,677.2771431389154,635.6669464836727,673.205078125,1190113,0.0,0.0
2018-01-11 00:00:00+05:30,678.6345105476622,688.0424261722552,668.7585388508434,671.8009033203125,1015367,0.0,0.0
2018-01-12 00:00:00+05:30,668.3841820684052,673.7668277923455,652.2362448965845,656.4955444335938,377909,0.0,0.0
2018-01-15 00:00:00+05:30,659.0229337528389,666.0905688453394,653.0786446336579,656.0741577148438,232398,0.0,0.0
2018-01-16 00:00:00+05:30,661.8312647593835,685.1872734365287,650.4574797172105,663.5630493164062,964464,0.0,0.0
2018-01-17 00:00:00+05:30,659.6783488866943,669.9755841812239,655.3721980275257,660.9420776367188,759232,0.0,0.0
2018-01-18 00:00:00+05:30,661.6909851053588,673.954091048798,641.8454491930526,648.9130859375,509696,0.0,0.0
2018-01-19 00:00:00+05:30,650.5042963045457,687.3402831786502,639.2241002216857,681.536376953125,2243894,0.0,0.0
2018-01-22 00:00:00+05:30,683.3618714036484,721.0871797265899,677.1835540507379,716.827880859375,2368114,0.0,0.0
2018-01-23 00:00:00+05:30,716.7810445119035,741.1667532256156,699.36932521625,733.6778564453125,1132377,0.0,0.0
2018-01-24 00:00:00+05:30,720.8062992471694,815.5408528610895,720.8062992471694,806.8350219726562,3864468,0.0,0.0
2018-01-25 00:00:00+05:30,796.2102157343425,869.4142007833012,788.2064678972163,855.7001342773438,4662431,0.0,0.0
2018-01-29 00:00:00+05:30,847.4624393857742,854.2024592585828,804.2140404323247,811.0008544921875,2826891,0.0,0.0
2018-01-30 00:00:00+05:30,804.1203805892922,825.6509612104257,798.1292396491098,803.8863525390625,1614009,0.0,0.0
2018-01-31 00:00:00+05:30,793.9167049699018,812.5453599238392,792.652976400358,801.4524536132812,1069232,0.0,0.0
2018-02-01 00:00:00+05:30,792.1380709812678,807.5839206416825,778.5176513442335,781.7471923828125,734446,0.0,0.0
2018-02-02 00:00:00+05:30,781.6536737755883,799.2525714106905,703.5818947621444,739.5286254882812,1573258,0.0,0.0
2018-02-05 00:00:00+05:30,737.6563208723919,779.8281587540005,715.5172472710981,773.9306640625,1065954,0.0,0.0
2018-02-06 00:00:00+05:30,736.7203611206281,781.4197222940842,725.4870138100213,777.6284790039062,1086438,0.0,0.0
2018-02-07 00:00:00+05:30,768.5480880639616,797.754799061874,768.5480880639616,784.5087890625,1250383,0.0,0.0
2018-02-08 00:00:00+05:30,783.5258985627155,800.1886840225616,769.3437761107735,774.96044921875,960541,0.0,0.0
2018-02-09 00:00:00+05:30,751.6980953898693,782.5430037573642,751.6980953898693,776.9263305664062,515853,0.0,0.0
2018-02-12 00:00:00+05:30,787.2236211187145,791.014864366931,773.74358164088,776.0838623046875,439173,0.0,0.0
2018-02-14 00:00:00+05:30,776.08382920954,798.2229061993684,770.8416236004621,777.3944091796875,1047388,0.0,0.0
2018-02-15 00:00:00+05:30,777.9092155991551,792.8870103640005,760.5911404023027,772.8541870117188,824481,0.0,0.0
2018-02-16 00:00:00+05:30,780.7175707665184,790.2659265843389,763.1654671071992,767.892822265625,1264192,0.0,0.0
2018-02-19 00:00:00+05:30,773.2285718935707,773.6498337533496,701.0075026450965,712.662109375,1203953,0.0,0.0
2018-02-20 00:00:00+05:30,712.3812952767628,723.0997900559739,688.1359694688921,709.7601928710938,1382534,0.0,0.0
2018-02-21 00:00:00+05:30,718.9341587692255,748.8897487179432,711.4452612820461,744.5368041992188,2022052,0.0,0.0
2018-02-22 00:00:00+05:30,750.7619305348603,774.4923502479651,747.0174820035144,769.9990234375,2918528,0.0,0.0
2018-02-23 00:00:00+05:30,779.5942731123222,782.7770776278094,761.152850295368,778.143310546875,1198297,0.0,0.0
2018-02-26 00:00:00+05:30,781.9814453966432,794.4317856258004,768.5482557419396,777.2540893554688,791733,0.0,0.0
2018-02-27 00:00:00+05:30,777.8156593609187,792.3253986386328,772.2925744589708,779.59423828125,914441,0.0,0.0
2018-02-28 00:00:00+05:30,777.0199580252831,792.6062497686687,770.4203781210213,781.1856689453125,1181472,0.0,0.0
2018-03-01 00:00:00+05:30,782.4961681277744,819.0045419352458,780.5302983336136,815.7281494140625,2025848,0.0,0.0
2018-03-05 00:00:00+05:30,816.1026568554664,828.2721162356844,807.2095903853071,823.7319946289062,1785929,0.0,0.0
2018-03-06 00:00:00+05:30,823.7786128715396,829.3952852320274,801.3119234295885,804.4478759765625,561544,0.0,0.0
2018-03-07 00:00:00+05:30,803.184234411672,831.7356553319004,799.346197404565,822.561767578125,1512502,0.0,0.0
2018-03-08 00:00:00+05:30,832.3909658231505,832.3909658231505,812.6389644502054,822.889404296875,752454,0.0,0.0
2018-03-09 00:00:00+05:30,821.9065198944412,830.331529779464,816.2898466377594,823.07666015625,415572,0.0,0.0
2018-03-12 00:00:00+05:30,830.3315414896306,856.5426837238016,824.7148681537368,852.4237670898438,1576384,0.0,0.0
2018-03-13 00:00:00+05:30,857.5722923874397,867.6823490169113,842.5009100726619,845.8240966796875,1223149,0.0,0.0
2018-03-14 00:00:00+05:30,841.0031995362993,884.626003967596,837.8203952920619,872.8778076171875,1081767,0.0,0.0
2018-03-15 00:00:00+05:30,882.7536439463994,947.7666358317427,871.099037750287,925.6275634765625,2872756,0.0,0.0
2018-03-16 00:00:00+05:30,908.0286997876162,911.6327083706192,864.2654609060997,867.9163208007812,2032160,0.0,0.0
2018-03-19 00:00:00+05:30,872.4565255324985,874.4223381971016,819.8002169904352,825.4636840820312,1899704,0.0,0.0
2018-03-20 00:00:00+05:30,814.0900291908429,864.9677063818355,805.5245793739929,859.3978271484375,3583752,0.0,0.0
2018-03-21 00:00:00+05:30,864.920908118508,899.7442945734405,863.7039736441508,888.97900390625,3004754,0.0,0.0
2018-03-22 00:00:00+05:30,885.0939345870127,892.4423912530829,866.2312541103686,873.01806640625,1814100,0.0,0.0
2018-03-23 00:00:00+05:30,846.2455002277721,864.4996896685261,828.9274230660312,836.6971435546875,1934431,0.0,0.0
2018-03-26 00:00:00+05:30,833.0930065918658,852.3300995533161,807.1158948262375,843.9050903320312,2445494,0.0,0.0
2018-03-27 00:00:00+05:30,850.8324291049512,860.1935514093923,824.2000247216652,831.174072265625,1343822,0.0,0.0
2018-03-28 00:00:00+05:30,831.2675786894871,834.9652330623843,807.1158969520102,809.7369995117188,2230197,0.0,0.0
2018-04-02 00:00:00+05:30,767.6119272137431,835.4800549247143,767.6119272137431,825.0892333984375,2246495,0.0,0.0
2018-04-03 00:00:00+05:30,824.5743529390014,835.3396425134158,816.289783381687,826.821044921875,946913,0.0,0.0
2018-04-04 00:00:00+05:30,833.1398498420998,838.4757007570033,806.9287084987528,810.9539794921875,1225145,0.0,0.0
2018-04-05 00:00:00+05:30,826.5870207281598,830.7527311838946,814.5580025673335,823.6382446289062,735585,0.0,0.0
2018-04-06 00:00:00+05:30,825.5572842004208,853.7342355682762,815.8684896797923,845.7772827148438,2186278,0.0,0.0
2018-04-09 00:00:00+05:30,849.98984292662,849.98984292662,824.8084029195371,827.00830078125,691258,0.0,0.0
2018-04-10 00:00:00+05:30,827.4762431956643,839.1308494364542,819.5660850877712,829.2548217773438,881954,0.0,0.0
2018-04-11 00:00:00+05:30,831.3612404747894,846.1518592726852,825.9318010210615,834.0759887695312,1568638,0.0,0.0
2018-04-12 00:00:00+05:30,838.756497271487,867.3079182165543,836.509805228066,857.7127685546875,2463298,0.0,0.0
2018-04-13 00:00:00+05:30,865.903807808085,867.7760322573998,846.2454510902799,856.7299194335938,1572907,0.0,0.0
2018-04-16 00:00:00+05:30,844.4666552689572,862.8144856830013,840.8626467400666,852.470458984375,769712,0.0,0.0
2018-04-17 00:00:00+05:30,855.5596618812614,877.1370342748539,852.6576801011444,875.3583984375,2007449,0.0,0.0
2018-04-18 00:00:00+05:30,879.9454037180944,887.1534785586799,865.622899531535,868.8992919921875,1198909,0.0,0.0
2018-04-19 00:00:00+05:30,876.2009062752696,884.157858949778,872.5968976240559,876.2944946289062,786655,0.0,0.0
2018-04-20 00:00:00+05:30,879.0092165757013,935.0823513287049,876.668936446373,929.69970703125,3223034,0.0,0.0
2018-04-23 00:00:00+05:30,929.69980749277,1019.0049297323699,927.3126757943102,969.5313110351562,5462499,0.0,0.0
2018-04-24 00:00:00+05:30,976.7861734208412,977.4882575306185,926.7510249059827,932.554931640625,2830754,0.0,0.0
2018-04-25 00:00:00+05:30,926.7511483028018,1031.59572265625,924.8789237607758,1018.0220947265625,7003708,0.0,0.0
2018-04-26 00:00:00+05:30,1009.1288213850962,1098.9955809889639,990.6874591333169,1076.435302734375,9191392,0.0,0.0
2018-04-27 00:00:00+05:30,1094.2213353786317,1094.2213353786317,1036.275979950756,1060.6617431640625,3245847,0.0,0.0
2018-04-30 00:00:00+05:30,1064.2191241493033,1115.8457344665499,1049.1008893724893,1087.85595703125,2289718,0.0,0.0
2018-05-02 00:00:00+05:30,1085.7965283640178,1087.9027807455998,1018.7240685584527,1028.60009765625,2496150,0.0,0.0
2018-05-03 00:00:00+05:30,1036.6037979920523,1062.3001458543936,973.6502539888759,992.3724975585938,3535546,0.0,0.0
2018-05-04 00:00:00+05:30,977.5351442488401,1007.9119387900579,922.8193758848021,962.510498046875,10436372,0.0,0.0
2018-05-07 00:00:00+05:30,969.999417127391,992.2789332234648,918.6068915654774,962.4169311523438,3747349,0.0,0.0
2018-05-08 00:00:00+05:30,971.1227193631391,997.8955026782564,959.6084947774835,992.1852416992188,2668908,0.0,0.0
2018-05-09 00:00:00+05:30,996.9127200261192,1010.0651431783367,983.8071481961871,991.4833374023438,2203556,0.0,0.0
2018-05-10 00:00:00+05:30,996.6786328719621,1005.1036428346042,966.3018371041512,970.935546875,1571299,0.0,0.0
2018-05-11 00:00:00+05:30,978.2372032504131,995.8361574959597,968.408025610098,991.3427734375,1630451,0.0,0.0
2018-05-14 00:00:00+05:30,992.4660708817522,1006.6950443420076,975.4288752001027,1001.2188110351562,1365710,0.0,0.0
2018-05-15 00:00:00+05:30,1001.6400762501793,1023.6387134388514,981.4668121834519,988.8621215820312,1744667,0.0,0.0
2018-05-16 00:00:00+05:30,992.0918443540845,1022.234614192169,987.5984596819949,1008.052490234375,1679652,0.0,0.0
2018-05-17 00:00:00+05:30,1006.3205199169349,1019.8005571775636,984.9303810223024,989.2833251953125,979975,0.0,0.0
2018-05-18 00:00:00+05:30,995.4616026742074,996.4913031016483,957.6426520178358,969.20361328125,628275,0.0,0.0
2018-05-21 00:00:00+05:30,978.2372620754933,996.819066639563,975.9905699111613,981.8881225585938,961155,0.0,0.0
2018-05-22 00:00:00+05:30,981.981710925543,991.2492446837181,958.7660823466305,981.8881225585938,782406,0.0,0.0
2018-05-23 00:00:00+05:30,986.8027357369697,1019.3326359150019,981.2327993737944,1005.1505126953125,1642843,0.0,0.0
2018-05-24 00:00:00+05:30,1015.6815952322194,1036.18247240503,1006.3204745388349,1019.6132202148438,1330986,0.0,0.0
2018-05-25 00:00:00+05:30,1024.715311475346,1066.4658955479129,1020.643245985885,1051.06689453125,2317560,0.0,0.0
2018-05-28 00:00:00+05:30,1042.4078219188982,1052.1432977169786,993.4022551439502,1000.0018920898438,1000652,0.0,0.0
2018-05-29 00:00:00+05:30,1000.001811950527,1039.0844945144722,986.5686253487171,1021.34521484375,1609519,0.0,0.0
2018-05-30 00:00:00+05:30,1023.0770657611337,1039.084561832357,1015.0265235417797,1018.72412109375,981061,0.0,0.0
2018-05-31 00:00:00+05:30,1020.3624573734634,1053.407268903435,1020.3624573734634,1045.7310791015625,2541007,0.0,0.0
2018-06-01 00:00:00+05:30,1049.8968040040872,1053.1263457557964,1020.8773224765943,1036.4635009765625,1026187,0.0,0.0
2018-06-04 00:00:00+05:30,1043.7652801522884,1044.2801876582844,1012.639544219496,1016.2904052734375,702005,0.0,0.0
2018-06-05 00:00:00+05:30,1020.2218437348048,1027.3831248167583,939.9502237320376,954.319580078125,2013372,0.0,0.0
2018-06-06 00:00:00+05:30,954.5067873902726,994.993638335382,909.901020084308,983.292236328125,3511450,0.0,0.0
2018-06-07 00:00:00+05:30,992.3257557798889,1006.3205870729053,987.9259599990854,1000.4230346679688,1239949,0.0,0.0
2018-06-08 00:00:00+05:30,992.3256165848835,1024.106574726342,989.4704291460176,1004.12060546875,1133366,0.0,0.0
2018-06-11 00:00:00+05:30,1001.6400983449528,1024.5279969396502,997.0531255075749,1015.44775390625,865897,0.0,0.0
2018-06-12 00:00:00+05:30,1019.0985279674796,1058.415238769623,1017.5539200459517,1053.59423828125,2260733,0.0,0.0
2018-06-13 00:00:00+05:30,1062.3936955285833,1074.3758624139425,1043.5778642805371,1049.3817138671875,1133667,0.0,0.0
2018-06-14 00:00:00+05:30,1055.934716057356,1062.4875024158678,1030.706534285695,1055.9815673828125,1153363,0.0,0.0
2018-06-15 00:00:00+05:30,1058.64907951763,1071.8482358117576,1051.9090045810763,1060.6617431640625,836077,0.0,0.0
2018-06-18 00:00:00+05:30,1062.5810766372317,1071.708171800691,1035.7146986339153,1040.676025390625,718705,0.0,0.0
2018-06-19 00:00:00+05:30,1040.956587258495,1045.871175462728,1020.7365900725198,1033.561279296875,786260,0.0,0.0
2018-06-20 00:00:00+05:30,1034.4037559580718,1066.2315638337047,1033.561232307067,1060.6617431640625,1000527,0.0,0.0
2018-06-21 00:00:00+05:30,1069.9764216447911,1082.145882258424,1042.829163352841,1046.8544921875,1549572,0.0,0.0
2018-06-22 00:00:00+05:30,1043.7650973680477,1049.2413308541973,1025.4173212013504,1030.8935546875,833479,0.0,0.0
2018-06-25 00:00:00+05:30,1033.5614502566468,1047.4626934794194,1005.665375446029,1025.8853759765625,976666,0.0,0.0
2018-06-26 00:00:00+05:30,1012.4051534420705,1043.7649062301514,1006.6948929528667,1038.803466796875,1001544,0.0,0.0
2018-06-27 00:00:00+05:30,1040.910103279155,1048.3522651776118,1011.3289752651544,1019.5199584960938,938592,0.0,0.0
2018-06-28 00:00:00+05:30,1022.2346256652182,1022.4218024155232,984.4625174338157,992.9342651367188,1183589,0.0,0.0
2018-06-29 00:00:00+05:30,1000.703903948378,1036.6506339229948,998.9252679813532,1027.757568359375,967554,0.0,0.0
2018-07-02 00:00:00+05:30,1039.038003616101,1042.3143973028764,1020.1285771896136,1034.1234130859375,844730,0.0,0.0
2018-07-03 00:00:00+05:30,1025.9788523404136,1044.9819735075066,1020.3621797911047,1041.190673828125,601293,0.0,0.0
2018-07-04 00:00:00+05:30,1046.5735981490604,1052.1434208742487,1031.1745958348158,1040.4420166015625,788801,0.0,0.0
2018-07-05 00:00:00+05:30,1042.2672879704883,1046.9945857528687,1014.7455679773195,1024.106689453125,604964,0.0,0.0
2018-07-06 00:00:00+05:30,1026.9150288917967,1027.055468568644,999.9549532542223,1003.6994018554688,677273,0.0,0.0
2018-07-09 00:00:00+05:30,1012.7329562773634,1039.9270612767878,1005.1504703448957,1031.4552001953125,790399,0.0,0.0
2018-07-10 00:00:00+05:30,1039.0845119282003,1057.6195786603867,1033.5614272537405,1047.509521484375,951925,0.0,0.0
2018-07-11 00:00:00+05:30,1048.4456300189543,1073.4866305573535,1038.2888358324467,1056.1217041015625,1136478,0.0,0.0
2018-07-12 00:00:00+05:30,1057.8535005664185,1069.929254968139,1044.467052128325,1064.218994140625,694852,0.0,0.0
2018-07-13 00:00:00+05:30,1057.9002027028152,1093.238432518567,1051.2538300156075,1064.40625,1365553,0.0,0.0
2018-07-16 00:00:00+05:30,1052.1900115706146,1076.4353380723153,1051.6751042015494,1062.0660400390625,551434,0.0,0.0
2018-07-17 00:00:00+05:30,1059.0704444962303,1068.1039494824372,956.7066050578885,1043.531005859375,691381,0.0,0.0
2018-07-18 00:00:00+05:30,1052.9390630425885,1069.274175453186,1016.2902470440604,1048.4456787109375,2904178,0.0,0.0
2018-07-19 00:00:00+05:30,1049.3817173673322,1062.3936990721286,1005.5248861104288,1032.4381103515625,1732226,0.0,0.0
2018-07-20 00:00:00+05:30,1025.0425822717157,1059.6787243210795,1023.1703583771555,1041.6585693359375,1170635,0.0,0.0
2018-07-23 00:00:00+05:30,1045.4968179839,1062.9553322037664,1028.4596227888383,1055.747314453125,848909,0.0,0.0
2018-07-24 00:00:00+05:30,1055.9344621069245,1153.290121733804,1055.9344621069245,1140.980224609375,2932198,0.0,0.0
2018-07-25 00:00:00+05:30,1142.1036939751477,1169.1572441586188,1117.6243379769837,1151.1370849609375,2414170,0.0,0.0
2018-07-26 00:00:00+05:30,1151.4180224202607,1203.653129633784,1134.6148538992359,1180.9991455078125,2234943,0.0,0.0
2018-07-27 00:00:00+05:30,1181.4204965338763,1187.4115234442133,1157.0347270076738,1170.23388671875,786492,0.0,0.0
2018-07-30 00:00:00+05:30,1169.1105788133768,1177.4887375053117,1140.1378369324034,1148.796875,549547,0.0,0.0
2018-07-31 00:00:00+05:30,1148.422524912924,1177.3015642394607,1130.6363926135418,1148.51611328125,1043356,0.0,0.0
2018-08-01 00:00:00+05:30,1146.8309590087433,1179.4077071651718,1146.8309590087433,1169.1104736328125,1122058,0.0,0.0
2018-08-02 00:00:00+05:30,1170.140182931609,1177.6290801023713,1156.0985007364297,1163.3065185546875,611607,0.0,0.0
2018-08-03 00:00:00+05:30,1170.140361045415,1215.541807053977,1168.549015863001,1210.954833984375,1883262,0.0,0.0
2018-08-06 00:00:00+05:30,1221.6262388032794,1240.2548916592523,1209.456782018266,1220.83056640625,1263264,0.0,0.0
2018-08-07 00:00:00+05:30,1226.3066537125542,1227.1023260152476,1175.7566084450139,1187.4580078125,914513,0.0,0.0
2018-08-08 00:00:00+05:30,1192.513441327683,1225.0433426479985,1191.7645058045077,1209.2230224609375,1016330,0.0,0.0
2018-08-09 00:00:00+05:30,1215.3075283498526,1224.8558260182374,1180.8118204745604,1183.7137451171875,736816,0.0,0.0
2018-08-10 00:00:00+05:30,1189.6580311223065,1216.8521331459856,1185.6795547250915,1192.325927734375,777722,0.0,0.0
2018-08-13 00:00:00+05:30,1186.054236549194,1212.0782031544602,1185.1181242867242,1207.2572021484375,702536,0.0,0.0
2018-08-14 00:00:00+05:30,1214.1374439543133,1259.0708266141492,1210.2058186801783,1251.9095458984375,1598529,0.0,0.0
2018-08-16 00:00:00+05:30,1253.4543333774886,1261.8324925110985,1219.8947312492805,1228.413330078125,857219,0.0,0.0
2018-08-17 00:00:00+05:30,1231.9238714055164,1252.424755037771,1218.490681832262,1246.1995849609375,660328,0.0,0.0
2018-08-20 00:00:00+05:30,1240.4423239795785,1244.9357085039742,1225.8858470038363,1231.689697265625,386878,0.0,0.0
2018-08-21 00:00:00+05:30,1231.830364291004,1296.3285333000254,1231.830364291004,1288.0906982421875,1638464,0.0,0.0
2018-08-23 00:00:00+05:30,1296.5153256369224,1304.8934836571664,1264.6875125887957,1271.3807373046875,1317251,0.0,0.0
2018-08-24 00:00:00+05:30,1274.984844265316,1280.6015175880707,1245.0761045302518,1253.5478515625,947956,0.0,0.0
2018-08-27 00:00:00+05:30,1259.0706470640264,1266.559543106043,1239.5058832999614,1257.0579833984375,665900,0.0,0.0
2018-08-28 00:00:00+05:30,1263.377291864563,1272.7852673397185,1249.990952898972,1256.07568359375,729863,0.0,0.0
2018-08-29 00:00:00+05:30,1260.475079495659,1262.253715533059,1238.14882634107,1244.0462646484375,619358,0.0,0.0
2018-08-30 00:00:00+05:30,1250.6459810677782,1275.5933956851475,1242.2678220379441,1268.947021484375,610923,0.0,0.0
2018-08-31 00:00:00+05:30,1275.218838117422,1320.386251543126,1271.4275380176455,1316.8289794921875,1182156,0.0,0.0
2018-09-03 00:00:00+05:30,1324.5987078141175,1334.1470061477094,1288.6052409322929,1293.0985107421875,842077,0.0,0.0
2018-09-04 00:00:00+05:30,1299.1366167263905,1319.9182628153023,1258.9773786417497,1277.2315673828125,816214,0.0,0.0
2018-09-05 00:00:00+05:30,1281.5374190499108,1289.7752509437812,1234.731815724494,1260.849365234375,863089,0.0,0.0
2018-09-06 00:00:00+05:30,1253.454093478032,1275.3122880118672,1244.1398238542133,1269.55517578125,866288,0.0,0.0
2018-09-07 00:00:00+05:30,1275.920830841845,1288.6519329321152,1257.760232698967,1283.8309326171875,563605,0.0,0.0
2018-09-10 00:00:00+05:30,1288.8394989185274,1320.760906449506,1274.7509626733042,1313.084716796875,1111068,0.0,0.0
2018-09-11 00:00:00+05:30,1317.2501561585632,1318.0458285843042,1222.1879272875103,1235.3870849609375,823671,0.0,0.0
2018-09-12 00:00:00+05:30,1229.9899660945046,1261.236824355566,1213.8930997175942,1251.152587890625,1321749,15.0,0.0
2018-09-14 00:00:00+05:30,1259.3429357832918,1267.7227509983331,1229.27967397042,1263.22509765625,728650,0.0,0.0
2018-09-17 00:00:00+05:30,1260.3847363183966,1300.058804526238,1255.6977533592044,1274.44580078125,857083,0.0,0.0
2018-09-18 00:00:00+05:30,1270.7056119938404,1278.7540454528178,1231.7890921504272,1237.65966796875,515069,0.0,0.0
2018-09-19 00:00:00+05:30,1250.5844840334162,1258.632917207207,1187.0018388434169,1205.75,869019,0.0,0.0
2018-09-21 00:00:00+05:30,1210.9579461265175,1220.9947937451725,1086.0651635717045,1149.26904296875,1240232,0.0,0.0
2018-09-24 00:00:00+05:30,1152.204334734801,1186.52853900988,1107.8432828094442,1163.2828369140625,1058453,0.0,0.0
2018-09-25 00:00:00+05:30,1161.531209015981,1169.200986955422,1104.8607783735893,1149.3638916015625,740046,0.0,0.0
2018-09-26 00:00:00+05:30,1143.2564574908279,1161.9098415674348,1073.329788808561,1105.57080078125,1214921,0.0,0.0
2018-09-27 00:00:00+05:30,1104.2451185144528,1105.9021490737994,1053.492662785236,1059.8367919921875,1264509,0.0,0.0
2018-09-28 00:00:00+05:30,1068.0747376089062,1072.7144470861465,1010.3153767984954,1038.8162841796875,1247435,0.0,0.0
2018-10-01 00:00:00+05:30,1019.8787792269331,1113.0038886050288,1015.3811241242184,1105.1448974609375,1083465,0.0,0.0
2018-10-03 00:00:00+05:30,1105.0025712059132,1169.3900389368491,1105.0025712059132,1142.498779296875,1507126,0.0,0.0
2018-10-04 00:00:00+05:30,1124.8868439434357,1147.0437291381613,1094.2080887188354,1134.166259765625,1108482,0.0,0.0
2018-10-05 00:00:00+05:30,1107.890624069983,1126.828115251315,1084.6921973728513,1100.9783935546875,826114,0.0,0.0
2018-10-08 00:00:00+05:30,1075.1762041643829,1107.7013264573177,1037.7746541296026,1065.61279296875,1040192,0.0,0.0
2018-10-09 00:00:00+05:30,1056.7122781933178,1075.8391029444163,1006.4805237529642,1057.70654296875,876697,0.0,0.0
2018-10-10 00:00:00+05:30,1065.1865729433184,1140.0370589711788,1060.5469797064293,1130.0474853515625,1049441,0.0,0.0
2018-10-11 00:00:00+05:30,1046.3911841563086,1090.7996296976905,982.1457603332722,1000.0889892578125,1827637,0.0,0.0
2018-10-12 00:00:00+05:30,1019.5472435174055,1026.412084488384,984.7969913191157,989.4365844726562,1968845,0.0,0.0
2018-10-15 00:00:00+05:30,1017.8900281524113,1044.6866211741553,994.2181670325879,1037.016845703125,1189867,0.0,0.0
2018-10-16 00:00:00+05:30,1041.0886041813649,1087.4854587560687,1026.6487667882172,1078.821533203125,1052219,0.0,0.0
2018-10-17 00:00:00+05:30,1096.4807257894488,1153.6719715642603,1062.4879064238269,1128.2484130859375,4971693,0.0,0.0
2018-10-19 00:00:00+05:30,1136.2494558222288,1197.796301345933,1109.7369685197102,1172.4674072265625,3379188,0.0,0.0
2018-10-22 00:00:00+05:30,1187.3804609872002,1191.167958470413,1157.5539183068997,1179.1427001953125,1085997,0.0,0.0
2018-10-23 00:00:00+05:30,1142.498859878757,1181.5574368086238,1142.498859878757,1159.5426025390625,779808,0.0,0.0
2018-10-24 00:00:00+05:30,1173.1776060216566,1180.7052127075399,1128.7218906716535,1158.9744873046875,1198928,0.0,0.0
2018-10-25 00:00:00+05:30,1159.9215320598853,1164.1824683001053,1108.316859817221,1118.6378173828125,891375,0.0,0.0
2018-10-26 00:00:00+05:30,1108.7903132086633,1153.0093170401683,1108.7903132086633,1128.6746826171875,919504,0.0,0.0
2018-10-29 00:00:00+05:30,1127.7275784179808,1215.3134734672362,1118.2588330072506,1186.1024169921875,1337326,0.0,0.0
2018-10-30 00:00:00+05:30,1181.6996498152223,1188.8012102107464,1135.6815615692842,1145.6710205078125,1108952,0.0,0.0
2018-10-31 00:00:00+05:30,1154.2402348228786,1175.0714777811256,1146.0971356926214,1162.3360595703125,814583,0.0,0.0
2018-11-01 00:00:00+05:30,1164.655734494781,1173.1776057227914,1126.970079941246,1133.314208984375,775021,0.0,0.0
2018-11-02 00:00:00+05:30,1133.8824299507105,1148.3696587971397,1115.5604279992535,1125.0291748046875,751314,0.0,0.0
2018-11-05 00:00:00+05:30,1118.258920237277,1163.1408001022135,1109.784438667728,1135.0185546875,1210847,0.0,0.0
2018-11-06 00:00:00+05:30,1131.846371677236,1147.6118546791129,1101.2150057688186,1105.09716796875,600239,0.0,0.0
2018-11-07 00:00:00+05:30,1120.91018855178,1120.91018855178,1103.3930085949657,1108.2220458984375,69445,0.0,0.0
2018-11-09 00:00:00+05:30,1103.10902382853,1115.4183949098785,1086.2073335761982,1108.4114990234375,442475,0.0,0.0
2018-11-12 00:00:00+05:30,1114.4241476052462,1140.5105921912677,1103.1090410152156,1128.911376953125,694077,0.0,0.0
2018-11-13 00:00:00+05:30,1126.3072551988455,1145.7181830942438,1100.836307184903,1112.48291015625,831109,0.0,0.0
2018-11-14 00:00:00+05:30,1113.5245475035902,1116.7912186920014,1070.062979547746,1087.0594482421875,889621,0.0,0.0
2018-11-15 00:00:00+05:30,1080.8572512934577,1106.0440900987924,1072.9034823061766,1085.875732421875,573823,0.0,0.0
2018-11-16 00:00:00+05:30,1086.3494109924368,1098.3746736857413,1064.1925194579246,1068.3114013671875,585409,0.0,0.0
2018-11-19 00:00:00+05:30,1074.5132582714257,1084.1713322019114,1060.4994690533981,1072.808837890625,410476,0.0,0.0
2018-11-20 00:00:00+05:30,1062.961294495766,1073.755686952554,1045.1127332221176,1049.75244140625,556123,0.0,0.0
2018-11-21 00:00:00+05:30,1051.0309255285085,1056.2387364207668,1019.4052871748266,1028.0692138671875,682343,0.0,0.0
2018-11-22 00:00:00+05:30,1019.7840288059137,1047.2433944840675,996.2542161608293,1000.0889892578125,843874,0.0,0.0
2018-11-26 00:00:00+05:30,995.496593565948,1030.1995709812225,976.4170471444146,1020.4467163085938,1011380,0.0,0.0
2018-11-27 00:00:00+05:30,1023.5715729134987,1045.3496914861264,1023.0981355532241,1037.916748046875,1083310,0.0,0.0
2018-11-28 00:00:00+05:30,1040.4256358223024,1072.8086940329738,1033.9868436752051,1038.4844970703125,876502,0.0,0.0
2018-11-29 00:00:00+05:30,1044.4027507490794,1045.8230627401251,1015.9965109281615,1028.353271484375,756762,0.0,0.0
2018-11-30 00:00:00+05:30,1023.571388391246,1051.0307503369872,1023.571388391246,1031.9039306640625,779217,0.0,0.0
2018-12-03 00:00:00+05:30,1051.030993258612,1051.883203667503,1022.6247501975683,1044.7342529296875,628698,0.0,0.0
2018-12-04 00:00:00+05:30,1046.29647496957,1068.3587002686525,1045.3496003315884,1056.617431640625,1114799,0.0,0.0
2018-12-05 00:00:00+05:30,1055.765075645524,1067.364288360015,1045.3494560651645,1053.4925537109375,671987,0.0,0.0
2018-12-06 00:00:00+05:30,1050.0836241558857,1060.4992417083786,1016.8009685870068,1022.7189331054688,628083,0.0,0.0
2018-12-07 00:00:00+05:30,1034.9337516467338,1043.6449501657414,998.1477031704864,1031.71435546875,846083,0.0,0.0
2018-12-10 00:00:00+05:30,1017.8901877574365,1023.5714353170129,989.4839499595545,999.9469604492188,452954,0.0,0.0
2018-12-11 00:00:00+05:30,992.3245402003333,1060.3101799329006,975.848899717357,1048.8529052734375,1268467,0.0,0.0
2018-12-12 00:00:00+05:30,1049.1369156446895,1064.5710157822318,1036.8275475008438,1051.9775390625,544392,0.0,0.0
2018-12-13 00:00:00+05:30,1068.0744736054146,1068.9266838024728,1048.1901084053136,1062.724609375,443217,0.0,0.0
2018-12-14 00:00:00+05:30,1051.0307849930512,1083.2719107127593,1043.597842648669,1078.6322021484375,746098,0.0,0.0
2018-12-17 00:00:00+05:30,1085.1184864819734,1101.9729036230556,1066.9385371310548,1096.43359375,1345723,0.0,0.0
2018-12-18 00:00:00+05:30,1089.0478921473052,1092.314563426694,1062.677456495947,1067.269775390625,735027,0.0,0.0
2018-12-19 00:00:00+05:30,1068.0741385310396,1088.8579817834323,1051.8352222616813,1073.139892578125,835616,0.0,0.0
2018-12-20 00:00:00+05:30,1069.968382977065,1089.8527511562847,1061.4465109002565,1067.6011962890625,621459,0.0,0.0
2018-12-21 00:00:00+05:30,1069.9681685898715,1072.808792046305,1046.4856351159174,1053.729248046875,545264,0.0,0.0
2018-12-24 00:00:00+05:30,1046.2963306477648,1064.3343362473374,1046.2963306477648,1058.03759765625,383706,0.0,0.0
2018-12-26 00:00:00+05:30,1055.765225052053,1068.0745953889827,1043.4558547151232,1060.3575439453125,581617,0.0,0.0
2018-12-27 00:00:00+05:30,1069.968267877758,1096.2914272508078,1063.3401458643561,1088.7164306640625,1125296,0.0,0.0
2018-12-28 00:00:00+05:30,1095.4865090163617,1104.0557702770652,1084.3607326006193,1093.024658203125,535930,0.0,0.0
2018-12-31 00:00:00+05:30,1094.918684319509,1101.2154250432231,1082.7513658958949,1088.2432861328125,313126,0.0,0.0
2019-01-01 00:00:00+05:30,1084.171243817507,1098.0902519800122,1076.4541939431515,1090.325927734375,332711,0.0,0.0
2019-01-02 00:00:00+05:30,1086.9173716437126,1115.1341652475894,1080.38391381559,1092.030517578125,931011,0.0,0.0
2019-01-03 00:00:00+05:30,1091.7462897965213,1101.1676447623072,1067.5536002802808,1072.4774169921875,435893,0.0,0.0
2019-01-04 00:00:00+05:30,1064.2870134448056,1081.094037011216,1050.368003542226,1063.0560302734375,723008,0.0,0.0
2019-01-07 00:00:00+05:30,1066.0862593741222,1087.0121673533256,1065.186659048221,1080.7628173828125,399650,0.0,0.0
2019-01-08 00:00:00+05:30,1081.283366788836,1085.7810209872325,1062.4879297294335,1065.4232177734375,303465,0.0,0.0
2019-01-09 00:00:00+05:30,1077.5431762879114,1109.5475804820628,1074.7025528003335,1100.5048828125,1544142,0.0,0.0
2019-01-10 00:00:00+05:30,1101.4991936440176,1106.3282306591655,1087.2960756081295,1090.7520751953125,447760,0.0,0.0
2019-01-11 00:00:00+05:30,1095.1078635344481,1103.1089076606222,1074.7026696951125,1100.315673828125,536949,0.0,0.0
2019-01-14 00:00:00+05:30,1105.9495220685496,1128.6271222843889,1086.2544843455469,1124.6029052734375,935373,0.0,0.0
2019-01-15 00:00:00+05:30,1126.7807245198928,1139.4214767577462,1117.4540332365098,1123.087890625,1041890,0.0,0.0
2019-01-16 00:00:00+05:30,1118.4482161460203,1158.027620124365,1117.3120128755118,1145.3394775390625,1260881,0.0,0.0
2019-01-17 00:00:00+05:30,1156.1338494482488,1164.4663918945985,1140.9838563350859,1157.2227783203125,963321,0.0,0.0
2019-01-18 00:00:00+05:30,1156.5600816399547,1171.2840297844584,1138.2380789071108,1159.684814453125,1480479,0.0,0.0
2019-01-21 00:00:00+05:30,1161.909735746221,1229.8007102481436,1150.9260140969043,1201.678466796875,2467109,0.0,0.0
2019-01-22 00:00:00+05:30,1195.4292484092975,1234.2511091497183,1194.7190924201436,1226.5340576171875,1872508,0.0,0.0
2019-01-23 00:00:00+05:30,1230.8424894650218,1236.618402223586,1201.8681457305938,1207.2178955078125,737956,0.0,0.0
2019-01-24 00:00:00+05:30,1211.9994736908293,1239.9322740610478,1200.8263073086312,1231.5997314453125,1103506,0.0,0.0
2019-01-25 00:00:00+05:30,1232.925351951938,1252.7150535414157,1219.9058266411334,1225.91845703125,1201212,0.0,0.0
2019-01-28 00:00:00+05:30,1229.9899126048424,1244.050975093781,1215.9761244873266,1222.4149169921875,670736,0.0,0.0
2019-01-29 00:00:00+05:30,1230.037531281621,1244.5720336989777,1218.6276457843373,1235.8607177734375,845242,0.0,0.0
2019-01-30 00:00:00+05:30,1243.1042859811932,1246.0395741016778,1206.7442785023502,1217.775390625,625321,0.0,0.0
2019-01-31 00:00:00+05:30,1223.1726178288257,1245.6608889043594,1213.8932007930216,1241.1158447265625,542130,0.0,0.0
2019-02-01 00:00:00+05:30,1240.50026214697,1268.7171685450853,1229.4218767059456,1249.353515625,972719,0.0,0.0
2019-02-04 00:00:00+05:30,1252.809637021707,1256.5024707158454,1235.5765672294172,1240.2635498046875,353635,0.0,0.0
2019-02-05 00:00:00+05:30,1234.8666342093968,1261.8525625275593,1234.7245798906647,1252.33642578125,472603,0.0,0.0
2019-02-06 00:00:00+05:30,1254.561372647198,1263.3199621220099,1219.2430217377673,1227.764892578125,560390,0.0,0.0
2019-02-07 00:00:00+05:30,1215.7869775688537,1254.5141715446057,1215.7869775688537,1244.6192626953125,546423,0.0,0.0
2019-02-08 00:00:00+05:30,1233.777650023213,1261.9471704285781,1230.9370261167896,1239.6009521484375,620476,0.0,0.0
2019-02-11 00:00:00+05:30,1240.405729771084,1261.852462643342,1234.014326201653,1254.2774658203125,388924,0.0,0.0
2019-02-12 00:00:00+05:30,1261.2369592991267,1263.1307084872635,1218.6749925298625,1227.0548095703125,427669,0.0,0.0
2019-02-14 00:00:00+05:30,1239.4588008128733,1244.193173619645,1221.6575128253016,1236.002685546875,332710,0.0,0.0
2019-02-15 00:00:00+05:30,1236.618094142479,1239.4587176359153,1191.168118247503,1196.849365234375,624189,0.0,0.0
2019-02-18 00:00:00+05:30,1198.7432901282,1227.1495292307638,1187.3807944871744,1215.124267578125,905689,0.0,0.0
2019-02-19 00:00:00+05:30,1209.1590711114045,1222.4153177798146,1204.3773073290374,1209.7271728515625,454603,0.0,0.0
2019-02-20 00:00:00+05:30,1211.9994677762725,1227.1020711601552,1198.9799422435196,1223.125244140625,575594,0.0,0.0
2019-02-21 00:00:00+05:30,1216.7339759828353,1257.6863063028802,1216.7339759828353,1224.8770751953125,893710,0.0,0.0
2019-02-22 00:00:00+05:30,1226.202433403105,1236.9968254319685,1209.0640286864925,1216.0709228515625,739382,0.0,0.0
2019-02-25 00:00:00+05:30,1221.3736657706118,1248.8803057140246,1219.5745807719807,1246.2291259765625,580939,0.0,0.0
2019-02-26 00:00:00+05:30,1236.6180938321093,1257.9227700275324,1220.1424544572624,1246.607666015625,760595,0.0,0.0
2019-02-27 00:00:00+05:30,1247.980764817415,1269.6168270388093,1244.1932662898964,1250.0638427734375,822057,0.0,0.0
2019-02-28 00:00:00+05:30,1248.8330484293413,1260.6689820227932,1243.8619563200916,1250.537353515625,370015,0.0,0.0
2019-03-01 00:00:00+05:30,1252.0524550934651,1262.752069792893,1238.3227720196842,1253.093994140625,583935,0.0,0.0
2019-03-05 00:00:00+05:30,1253.1884118044297,1259.4851504020269,1238.6065212587491,1243.8143310546875,409446,0.0,0.0
2019-03-06 00:00:00+05:30,1254.0407597257094,1255.4610716442485,1238.2278843481413,1246.749755859375,539597,0.0,0.0
2019-03-07 00:00:00+05:30,1254.0408688353687,1278.2808379037447,1247.128637329625,1253.093994140625,1136243,0.0,0.0
2019-03-08 00:00:00+05:30,1255.5557547802623,1256.5500193722326,1238.512011502702,1243.7672119140625,514052,0.0,0.0
2019-03-11 00:00:00+05:30,1243.2461001947352,1261.852205466262,1239.1272196287343,1257.2598876953125,607888,0.0,0.0
2019-03-12 00:00:00+05:30,1258.396483269666,1270.8951831447744,1249.069790540068,1254.845703125,640552,0.0,0.0
2019-03-13 00:00:00+05:30,1255.5557422547463,1272.694149706929,1253.0465014024148,1262.136474609375,562307,0.0,0.0
2019-03-14 00:00:00+05:30,1269.7587910457546,1270.2322283280237,1245.2347167071598,1250.0164794921875,357321,0.0,0.0
2019-03-15 00:00:00+05:30,1254.6086599279972,1277.3336469757496,1252.194083820069,1265.6397705078125,1669463,0.0,0.0
2019-03-18 00:00:00+05:30,1273.2620906541306,1273.2620906541306,1244.7139170204764,1246.607666015625,498779,0.0,0.0
2019-03-19 00:00:00+05:30,1252.0047419621394,1265.4030385515032,1244.0509734622308,1261.710205078125,417714,0.0,0.0
2019-03-20 00:00:00+05:30,1267.7704190991774,1285.666372072131,1251.910269623712,1257.449462890625,1415086,0.0,0.0
2019-03-22 00:00:00+05:30,1263.035985444859,1268.1017411706368,1250.9159449699557,1256.3604736328125,401182,0.0,0.0
2019-03-25 00:00:00+05:30,1249.8746063555682,1263.3675708559977,1243.2464834430766,1247.5548095703125,397612,0.0,0.0
2019-03-26 00:00:00+05:30,1254.0407401282582,1254.0407401282582,1227.196868404429,1237.7071533203125,502092,0.0,0.0
2019-03-27 00:00:00+05:30,1244.8557710311006,1249.8742517609105,1231.6943088784913,1245.75537109375,329323,0.0,0.0
2019-03-28 00:00:00+05:30,1249.8743982961494,1268.0543433099847,1249.8743982961494,1263.083251953125,751348,0.0,0.0
2019-04-01 00:00:00+05:30,1254.6087710169681,1274.7298550804478,1254.6087710169681,1263.083251953125,299798,0.0,0.0
2019-04-02 00:00:00+05:30,1264.9299384484518,1286.3766735815711,1264.9299384484518,1279.3223876953125,900439,0.0,0.0
2019-04-03 00:00:00+05:30,1282.068146469795,1291.3475633356647,1262.5625537690669,1268.1964111328125,554965,0.0,0.0
2019-04-04 00:00:00+05:30,1269.1434993616415,1270.6584757864684,1248.170201336609,1255.2244873046875,276714,0.0,0.0
2019-04-05 00:00:00+05:30,1255.5559355572366,1286.6134740132845,1247.0340626914635,1276.4345703125,744394,0.0,0.0
2019-04-08 00:00:00+05:30,1267.6758968298761,1273.6411380992226,1227.8597693905374,1232.5467529296875,1772598,0.0,0.0
2019-04-09 00:00:00+05:30,1233.019964403508,1238.890655829584,1217.3965346880107,1229.56396484375,610176,0.0,0.0
2019-04-10 00:00:00+05:30,1230.747606661757,1241.115836921479,1224.545532022661,1229.090576171875,397548,0.0,0.0
2019-04-11 00:00:00+05:30,1229.1377332616373,1235.6238003003461,1222.414947604105,1229.4691162109375,257060,0.0,0.0
2019-04-12 00:00:00+05:30,1229.9902072862562,1234.724580678428,1226.2027085725188,1228.85400390625,250255,0.0,0.0
2019-04-15 00:00:00+05:30,1232.8307830845936,1237.2810476649945,1220.3320840524116,1224.7823486328125,290446,0.0,0.0
2019-04-16 00:00:00+05:30,1219.101220947775,1236.5237391836215,1219.101220947775,1228.1439208984375,352016,0.0,0.0
2019-04-18 00:00:00+05:30,1239.459058945149,1254.2302820615075,1224.545781497948,1244.6668701171875,721911,0.0,0.0
2019-04-22 00:00:00+05:30,1247.9806778914103,1252.715050721044,1237.375728987141,1249.022216796875,356884,0.0,0.0
2019-04-23 00:00:00+05:30,1245.2347340874246,1247.980693479967,1231.4577783322673,1234.39306640625,203428,0.0,0.0
2019-04-24 00:00:00+05:30,1231.9312423917277,1244.9033781547414,1229.8007745454845,1240.0743408203125,152965,0.0,0.0
2019-04-25 00:00:00+05:30,1243.2465682468596,1243.2465682468596,1227.6705245741546,1232.2154541015625,230304,0.0,0.0
2019-04-26 00:00:00+05:30,1232.8308629423516,1250.821482294045,1227.1496147260275,1244.193359375,266749,0.0,0.0
2019-04-30 00:00:00+05:30,1245.1401534226118,1246.0870280639979,1218.6276634638034,1224.7823486328125,385038,0.0,0.0
2019-05-02 00:00:00+05:30,1224.4034867233295,1228.0963206735587,1204.661175001492,1214.4613037109375,352665,0.0,0.0
2019-05-03 00:00:00+05:30,1211.9994799576646,1211.9994799576646,1182.0782659132653,1200.2109375,541318,0.0,0.0
2019-05-06 00:00:00+05:30,1183.593166233679,1209.5848259300628,1182.6462917006922,1192.6358642578125,1032944,0.0,0.0
2019-05-07 00:00:00+05:30,1193.061999006019,1200.542331481922,1186.8599241262812,1189.1324462890625,289350,0.0,0.0
2019-05-08 00:00:00+05:30,1178.8587496175128,1190.2686335487203,1164.7502964849568,1171.37841796875,770379,0.0,0.0
2019-05-09 00:00:00+05:30,1164.8923719196614,1173.2721882592134,1162.7619042612023,1165.2237548828125,436832,0.0,0.0
2019-05-10 00:00:00+05:30,1163.7087022886687,1185.4868146992785,1162.7618278360337,1178.5745849609375,659291,0.0,0.0
2019-05-13 00:00:00+05:30,1176.5863683614107,1194.0562742832992,1173.6510801847412,1182.5989990234375,484692,0.0,0.0
2019-05-14 00:00:00+05:30,1174.6454437567918,1194.6717509964355,1174.6454437567918,1188.7537841796875,274716,0.0,0.0
2019-05-15 00:00:00+05:30,1190.2213878813245,1200.2582356565056,1184.7294688948564,1193.06201171875,397955,0.0,0.0
2019-05-16 00:00:00+05:30,1193.0618673639913,1207.6437577488266,1183.593122384912,1201.3944091796875,363892,0.0,0.0
2019-05-17 00:00:00+05:30,1199.0271597742358,1210.4843174783443,1193.061804517544,1195.571044921875,192411,0.0,0.0
2019-05-20 00:00:00+05:30,1214.8400952968288,1214.8400952968288,1195.6658849073037,1201.205078125,159140,0.0,0.0
2019-05-21 00:00:00+05:30,1200.6369861105168,1232.8307223311458,1195.5238401819497,1223.693359375,677452,0.0,0.0
2019-05-22 00:00:00+05:30,1221.4681122681804,1226.6759220491688,1203.856269580437,1215.786865234375,348272,0.0,0.0
2019-05-23 00:00:00+05:30,1213.9404806501338,1227.7648250245782,1208.8273353101986,1213.6563720703125,250947,0.0,0.0
2019-05-24 00:00:00+05:30,1213.893393272704,1214.8402679944456,1196.7075939560357,1200.7318115234375,542944,0.0,0.0
2019-05-27 00:00:00+05:30,1200.1634322098082,1213.9877768326076,1195.5237240293798,1208.685302734375,312272,0.0,0.0
2019-05-28 00:00:00+05:30,1209.2534244086028,1213.3250310720894,1198.743140370747,1200.1634521484375,656555,0.0,0.0
2019-05-29 00:00:00+05:30,1197.7963680509313,1223.6933652233563,1197.7963680509313,1216.78125,1029439,0.0,0.0
2019-05-30 00:00:00+05:30,1222.3677072474873,1245.1400873994357,1216.7338496640873,1238.7012939453125,893273,0.0,0.0
2019-05-31 00:00:00+05:30,1246.9391962263485,1246.9391962263485,1232.1205854722964,1237.281005859375,380453,0.0,0.0
2019-06-03 00:00:00+05:30,1241.87353515625,1246.229135575498,1233.114944349548,1241.87353515625,195008,0.0,0.0
2019-06-04 00:00:00+05:30,1238.5119642373331,1245.092696406471,1231.4104048093668,1236.3341064453125,241167,0.0,0.0
2019-06-06 00:00:00+05:30,1235.4345383167843,1251.2946866339378,1227.4807691779936,1242.39404296875,489536,0.0,0.0
2019-06-07 00:00:00+05:30,1240.5951543275708,1261.7105058376176,1240.5951543275708,1252.1470947265625,439082,0.0,0.0
2019-06-10 00:00:00+05:30,1253.6143955105535,1277.286257018629,1252.714911007351,1265.6397705078125,793989,0.0,0.0
2019-06-11 00:00:00+05:30,1276.3871183567105,1279.1803525373948,1263.5569197088446,1269.4276123046875,296894,0.0,0.0
2019-06-12 00:00:00+05:30,1264.077406546863,1281.2632011461815,1264.077406546863,1269.1905517578125,322799,0.0,0.0
2019-06-13 00:00:00+05:30,1269.7588264598453,1271.3211926519632,1259.4378703014681,1268.9066162109375,181685,0.0,0.0
2019-06-14 00:00:00+05:30,1264.0776311700995,1270.6583636151117,1247.1285521744326,1249.87451171875,491274,0.0,0.0
2019-06-17 00:00:00+05:30,1247.2704106748115,1256.4550469106591,1246.0868175730134,1248.21728515625,81116,0.0,0.0
2019-06-18 00:00:00+05:30,1244.2406571698857,1257.6388407526024,1244.2406571698857,1252.4310302734375,103174,0.0,0.0
2019-06-19 00:00:00+05:30,1249.9690955994502,1257.2127091703958,1230.4635025923023,1234.0142822265625,569699,0.0,0.0
2019-06-20 00:00:00+05:30,1227.3387272005136,1244.1931401736563,1225.113595158201,1240.594970703125,178193,0.0,0.0
2019-06-21 00:00:00+05:30,1239.364110869918,1244.5245308885815,1232.8306534144922,1238.417236328125,480719,0.0,0.0
2019-06-24 00:00:00+05:30,1237.3760522320117,1254.656517574422,1236.003014401569,1249.6854248046875,311406,0.0,0.0
2019-06-25 00:00:00+05:30,1250.111192087163,1271.0844876183303,1243.246351229271,1269.4747314453125,551286,0.0,0.0
2019-06-26 00:00:00+05:30,1272.599408894727,1272.599408894727,1250.8212940103679,1261.4736328125,339597,0.0,0.0
2019-06-27 00:00:00+05:30,1253.7564274380513,1270.7055030926276,1250.0635939915946,1264.8822021484375,303104,0.0,0.0
2019-06-28 00:00:00+05:30,1270.6109169692415,1278.1859129829666,1261.8996022022982,1273.640869140625,714198,0.0,0.0
2019-07-01 00:00:00+05:30,1273.5462208812091,1283.0149660178724,1264.0774757445458,1278.943359375,257346,0.0,0.0
2019-07-02 00:00:00+05:30,1278.9436376327467,1282.9205808065633,1261.568509643744,1274.351318359375,233615,0.0,0.0
2019-07-03 00:00:00+05:30,1273.5465660728837,1273.5465660728837,1261.4265227787396,1262.799560546875,167033,0.0,0.0
2019-07-04 00:00:00+05:30,1256.5022643876073,1277.1441714835375,1253.2355941091691,1267.0599365234375,316523,0.0,0.0
2019-07-05 00:00:00+05:30,1267.060335365261,1267.8651557002916,1248.0281780270707,1253.1885986328125,143633,0.0,0.0
2019-07-08 00:00:00+05:30,1247.034004827878,1247.980879546806,1234.4879148020852,1241.400146484375,442275,0.0,0.0
2019-07-09 00:00:00+05:30,1257.4017716038475,1266.8232409229838,1216.6861737522477,1244.903076171875,1517586,0.0,0.0
2019-07-10 00:00:00+05:30,1235.7660524634714,1246.7497750185737,1229.9901403563754,1239.22216796875,882310,0.0,0.0
2019-07-11 00:00:00+05:30,1243.246169276517,1256.4077474224678,1218.816761909637,1247.2703857421875,1089612,0.0,0.0
2019-07-12 00:00:00+05:30,1265.9715381249484,1279.9853306300088,1260.3376796082491,1275.8663330078125,1319171,0.0,0.0
2019-07-15 00:00:00+05:30,1282.0681581896224,1282.0681581896224,1270.9423820753475,1274.3038330078125,379597,0.0,0.0
2019-07-16 00:00:00+05:30,1275.7713990983277,1277.617873818044,1270.9897519822123,1273.735595703125,249404,0.0,0.0
2019-07-17 00:00:00+05:30,1271.1792845440884,1277.6180787371616,1271.1792845440884,1274.398681640625,472862,0.0,0.0
2019-07-18 00:00:00+05:30,1272.220642734264,1278.7541003514482,1266.6340596823156,1271.1317138671875,433600,0.0,0.0
2019-07-19 00:00:00+05:30,1269.7588401838339,1279.1329218525823,1269.7588401838339,1275.203369140625,546932,0.0,0.0
2019-07-22 00:00:00+05:30,1274.0197524120122,1275.0612913370626,1269.427433797965,1272.07861328125,403559,0.0,0.0
2019-07-23 00:00:00+05:30,1271.9367380983679,1285.855748940414,1269.7588802128832,1281.4527587890625,792032,0.0,0.0
2019-07-24 00:00:00+05:30,1259.1539834427786,1282.6837958947053,1255.6504778097053,1270.5164794921875,932278,0.0,0.0
2019-07-25 00:00:00+05:30,1241.3525512851843,1274.493160968618,1213.5144160340453,1262.8465576171875,736125,0.0,0.0
2019-07-26 00:00:00+05:30,1246.2763884981553,1251.7209178247854,1164.6558385660933,1206.17626953125,1144563,0.0,0.0
2019-07-29 00:00:00+05:30,1206.1760792501714,1212.2360992704319,1129.7633520329027,1142.1199951171875,677643,0.0,0.0
2019-07-30 00:00:00+05:30,1136.2493642964525,1166.2179643968238,1129.00575148201,1138.6639404296875,798966,0.0,0.0
2019-07-31 00:00:00+05:30,1131.65707100253,1156.8439093453387,1115.5128146973473,1139.61083984375,440609,0.0,0.0
2019-08-01 00:00:00+05:30,1135.3025188078825,1146.2389654525232,1122.5197131332316,1138.805908203125,389327,0.0,0.0
2019-08-02 00:00:00+05:30,1132.6513681501647,1140.415809343793,1115.9391236648003,1135.0185546875,304222,0.0,0.0
2019-08-05 00:00:00+05:30,1127.9171291761704,1148.9378174780757,1127.9171291761704,1141.3154296875,229561,0.0,0.0
2019-08-06 00:00:00+05:30,1129.1478889710636,1164.655684221726,1129.1478889710636,1155.8970947265625,147611,0.0,0.0
2019-08-07 00:00:00+05:30,1158.9745438992927,1183.593284210879,1150.2633435616133,1172.8935546875,185957,0.0,0.0
2019-08-08 00:00:00+05:30,1168.4433981805694,1229.0433799338566,1153.3407927121093,1208.63818359375,365334,0.0,0.0
2019-08-09 00:00:00+05:30,1211.9995804859884,1240.2164919532927,1190.7422903279858,1231.03173828125,453152,0.0,0.0
2019-08-13 00:00:00+05:30,1242.2993679808058,1254.5140723836462,1212.1887120654562,1243.1988525390625,397956,0.0,0.0
2019-08-14 00:00:00+05:30,1244.1931542919278,1270.7056415979962,1224.5928974104786,1246.8917236328125,354090,0.0,0.0
2019-08-16 00:00:00+05:30,1226.2025586951495,1246.0869245118276,1193.7721049227102,1220.805419921875,284592,0.0,0.0
2019-08-19 00:00:00+05:30,1217.6806944141651,1259.2485110652651,1203.4775758945598,1254.940185546875,248666,0.0,0.0
2019-08-20 00:00:00+05:30,1254.6088787606275,1323.8253907661388,1246.4183901331717,1302.0,625207,0.0,0.0
2019-08-21 00:00:00+05:30,1297.2179929385256,1310.0007979784307,1284.1984692867702,1292.90966796875,324167,0.0,0.0
2019-08-22 00:00:00+05:30,1295.2296752502923,1301.9050712456767,1279.9376286798051,1288.412109375,176916,0.0,0.0
2019-08-23 00:00:00+05:30,1289.40642968113,1313.930503856559,1280.1744027383056,1303.325439453125,326476,0.0,0.0
2019-08-26 00:00:00+05:30,1319.9432494087205,1330.358870458574,1299.5854446294613,1322.689208984375,188165,0.0,0.0
2019-08-27 00:00:00+05:30,1322.5470434928316,1382.4368594949233,1317.8600606485165,1365.1090087890625,336804,0.0,0.0
2019-08-28 00:00:00+05:30,1363.4992719772833,1462.9210938922936,1358.2914622579258,1442.4686279296875,978369,0.0,0.0
2019-08-29 00:00:00+05:30,1443.9837401085038,1448.7181130268923,1393.2312855404339,1438.4918212890625,1004644,0.0,0.0
2019-08-30 00:00:00+05:30,1377.702338953794,1431.5321288742148,1368.186204399081,1416.09814453125,852009,0.0,0.0
2019-09-03 00:00:00+05:30,1400.4274358144812,1431.6269054763075,1380.9218435307384,1389.06494140625,428827,0.0,0.0
2019-09-04 00:00:00+05:30,1397.5869713531479,1409.422904376125,1375.7614646246645,1384.662109375,221393,0.0,0.0
2019-09-05 00:00:00+05:30,1385.277540131991,1390.674679119173,1358.8597156686042,1382.3895263671875,277952,0.0,0.0
2019-09-06 00:00:00+05:30,1396.0719538633364,1396.0719538633364,1361.4163661113514,1371.50048828125,290536,0.0,0.0
2019-09-09 00:00:00+05:30,1370.1273672476377,1379.548722053003,1359.711748008022,1368.4703369140625,281846,0.0,0.0
2019-09-11 00:00:00+05:30,1369.1803568286007,1378.0336091862027,1337.649393663385,1343.8040771484375,272101,0.0,0.0
2019-09-12 00:00:00+05:30,1343.7096530272665,1355.9243578596772,1330.4534093051748,1335.5191650390625,323702,0.0,0.0
2019-09-13 00:00:00+05:30,1335.6612684823929,1351.0953704750964,1325.7664752884486,1336.2293701171875,169231,0.0,0.0
2019-09-16 00:00:00+05:30,1337.4603635840408,1338.8806754745726,1305.2192374348597,1308.5806884765625,297432,0.0,0.0
2019-09-17 00:00:00+05:30,1299.2065779753275,1318.0967950502684,1294.8035880955879,1298.1650390625,199176,0.0,0.0
2019-09-18 00:00:00+05:30,1292.5786345316194,1317.481485465875,1271.463397996364,1289.785400390625,657165,0.0,0.0
2019-09-19 00:00:00+05:30,1278.6594957362056,1314.7353952396988,1275.9135362517063,1296.6973876953125,317680,0.0,0.0
2019-09-20 00:00:00+05:30,1290.5899840426866,1338.123039201787,1280.979184448719,1327.2813720703125,505984,0.0,0.0
2019-09-23 00:00:00+05:30,1332.5839964919237,1353.6519571529532,1296.4607059942707,1335.3299560546875,344059,0.0,0.0
2019-09-24 00:00:00+05:30,1348.3493674553883,1375.9033939120359,1326.57125267205,1353.083740234375,572805,0.0,0.0
2019-09-25 00:00:00+05:30,1360.6589033116632,1360.6589033116632,1323.7307911132255,1331.4951171875,162380,0.0,0.0
2019-09-26 00:00:00+05:30,1325.624371538658,1338.8806152540444,1308.8647382183137,1315.5875244140625,322106,0.0,0.0
2019-09-27 00:00:00+05:30,1283.0149820605113,1333.4834405040842,1283.0149820605113,1319.990478515625,313134,0.0,0.0
2019-09-30 00:00:00+05:30,1319.990589858736,1340.774441212631,1313.362467621103,1320.79541015625,295143,0.0,0.0
2019-10-01 00:00:00+05:30,1339.827445501144,1339.827445501144,1266.9654974375037,1277.94921875,314752,0.0,0.0
2019-10-03 00:00:00+05:30,1285.950381160545,1306.6869581791393,1271.699987670701,1295.324462890625,268527,0.0,0.0
2019-10-04 00:00:00+05:30,1295.3243949558423,1313.3150115524513,1274.8245376642308,1306.6868896484375,330709,0.0,0.0
2019-10-07 00:00:00+05:30,1309.9535516178203,1318.9962498158498,1285.0980946489285,1311.04248046875,184904,0.0,0.0
2019-10-09 00:00:00+05:30,1307.6338728746134,1315.3035343124334,1287.891559822636,1300.3902587890625,177260,0.0,0.0
2019-10-10 00:00:00+05:30,1285.3821683799051,1308.3438756235241,1279.2274839640897,1288.7908935546875,152606,0.0,0.0
2019-10-11 00:00:00+05:30,1283.0151458477033,1342.2894755941638,1279.038318567012,1337.0816650390625,397760,0.0,0.0
2019-10-14 00:00:00+05:30,1335.09310909808,1339.8274818253783,1316.1556181888875,1322.310302734375,203559,0.0,0.0
2019-10-15 00:00:00+05:30,1319.9432028159713,1362.3158415003434,1318.0494536010274,1349.01220703125,403985,0.0,0.0
2019-10-16 00:00:00+05:30,1356.871428220058,1358.7177876279727,1327.0922655096372,1334.619873046875,300018,0.0,0.0
2019-10-17 00:00:00+05:30,1337.9338623075985,1344.3726560744021,1321.552884850611,1331.968505859375,114889,0.0,0.0
2019-10-18 00:00:00+05:30,1340.3007904425292,1372.9679591251625,1323.4463789170954,1360.2325439453125,277477,0.0,0.0
2019-10-22 00:00:00+05:30,1360.2326535214083,1391.8108960080795,1340.774335678408,1375.0511474609375,299087,0.0,0.0
2019-10-23 00:00:00+05:30,1373.9149605512544,1398.012871412962,1351.663408812485,1390.6273193359375,452349,0.0,0.0
2019-10-24 00:00:00+05:30,1410.8430560887562,1447.9604915987281,1349.9117029243932,1412.3580322265625,1055221,0.0,0.0
2019-10-25 00:00:00+05:30,1406.1086873850838,1438.7758589101918,1389.5383829882899,1425.188232421875,382090,0.0,0.0
2019-10-27 00:00:00+05:30,1420.643118166064,1447.6290411350838,1413.0208478715874,1426.087646484375,29696,0.0,0.0
2019-10-29 00:00:00+05:30,1410.8432356827134,1445.735543595796,1410.8432356827134,1436.740234375,268871,0.0,0.0
2019-10-30 00:00:00+05:30,1437.3557674866695,1502.6427305860232,1435.2726894200796,1494.310302734375,537234,0.0,0.0
2019-10-31 00:00:00+05:30,1502.6899018282566,1506.3827356681402,1461.4534691892202,1466.424560546875,717384,0.0,0.0
2019-11-01 00:00:00+05:30,1470.4962668999349,1478.213318075738,1444.7885981638622,1475.9407958984375,367674,0.0,0.0
2019-11-04 00:00:00+05:30,1480.3721579854764,1520.4929451167875,1465.8866649550755,1512.154296875,336654,10.0,0.0
2019-11-05 00:00:00+05:30,1510.5816842933393,1512.106442259814,1483.2785470773779,1486.042236328125,109969,0.0,0.0
2019-11-06 00:00:00+05:30,1486.0423718756833,1502.386145471744,1474.7017871560747,1492.760986328125,91192,0.0,0.0
2019-11-07 00:00:00+05:30,1492.7131564923795,1505.1972795885242,1486.6617042318535,1500.0035400390625,101781,0.0,0.0
2019-11-08 00:00:00+05:30,1496.1917082370594,1513.3454985225799,1462.78942006512,1467.9832763671875,123434,0.0,0.0
2019-11-11 00:00:00+05:30,1458.0720676288072,1519.7780587261702,1458.0720676288072,1498.717041015625,231176,0.0,0.0
2019-11-13 00:00:00+05:30,1499.050561900399,1504.006054415373,1409.5173596787117,1413.47216796875,349897,0.0,0.0
2019-11-14 00:00:00+05:30,1417.0938209396309,1438.8220040677127,1396.8905123922966,1433.961669921875,296070,0.0,0.0
2019-11-15 00:00:00+05:30,1439.012356928,1448.5422400864636,1404.5142264269944,1421.0008544921875,161514,0.0,0.0
2019-11-18 00:00:00+05:30,1410.4227493230526,1455.6896956695696,1408.0402784627095,1447.6845703125,198031,0.0,0.0
2019-11-19 00:00:00+05:30,1448.0657515890696,1463.74236291339,1438.7741154732464,1457.119140625,116406,0.0,0.0
2019-11-20 00:00:00+05:30,1457.2621865110837,1481.2298672378242,1427.6242715261424,1437.868896484375,279059,0.0,0.0
2019-11-21 00:00:00+05:30,1446.636374787719,1453.3072935120365,1419.9526998904487,1428.24365234375,82586,0.0,0.0
2019-11-22 00:00:00+05:30,1434.2472218445607,1438.9168872285074,1404.2280939454886,1414.37744140625,137374,0.0,0.0
2019-11-25 00:00:00+05:30,1416.807906416521,1436.2965903527047,1406.4204251983908,1429.5303955078125,103697,0.0,0.0
2019-11-26 00:00:00+05:30,1433.6755561555456,1433.6755561555456,1384.120166824091,1415.09228515625,380327,0.0,0.0
2019-11-27 00:00:00+05:30,1414.2347036438628,1436.058160005493,1411.280463041382,1423.6693115234375,77325,0.0,0.0
2019-11-28 00:00:00+05:30,1419.9526716964058,1441.299634456683,1414.7589316110912,1434.1522216796875,166495,0.0,0.0
2019-11-29 00:00:00+05:30,1434.1521672155443,1445.2068086244956,1412.376407048251,1420.85791015625,66093,0.0,0.0
2019-12-02 00:00:00+05:30,1411.3281887752792,1424.7177229382069,1385.9311398229627,1393.3643798828125,124662,0.0,0.0
2019-12-03 00:00:00+05:30,1386.6932956881965,1401.3216432870793,1373.0656323684263,1378.40234375,109134,0.0,0.0
2019-12-04 00:00:00+05:30,1375.9722657819168,1403.2277105121216,1371.350295349524,1398.4627685546875,144873,0.0,0.0
2019-12-05 00:00:00+05:30,1395.1748684407137,1444.3967373046817,1394.2218801425984,1415.378173828125,367759,0.0,0.0
2019-12-06 00:00:00+05:30,1418.0467433035162,1424.6699661700457,1390.4100796235416,1395.3179931640625,76842,0.0,0.0
2019-12-09 00:00:00+05:30,1395.8421125409589,1412.3288589793617,1382.786217529726,1406.563232421875,106498,0.0,0.0
2019-12-10 00:00:00+05:30,1402.179319329333,1405.9912725494253,1351.956882187251,1370.158935546875,245334,0.0,0.0
2019-12-11 00:00:00+05:30,1370.301891154307,1426.6234760611467,1370.301891154307,1416.664794921875,381538,0.0,0.0
2019-12-12 00:00:00+05:30,1410.4229435110324,1422.6688221528993,1400.9407547139872,1414.47314453125,93421,0.0,0.0
2019-12-13 00:00:00+05:30,1408.5169051334474,1424.7177085077835,1393.9361355639066,1420.5245361328125,167754,0.0,0.0
2019-12-16 00:00:00+05:30,1418.0467865492005,1441.2520315977154,1395.7945299325063,1404.1331787109375,261216,0.0,0.0
2019-12-17 00:00:00+05:30,1432.3415382099597,1566.045854743166,1421.9063619592296,1529.4986572265625,4180592,0.0,0.0
2019-12-18 00:00:00+05:30,1529.022038299762,1552.3226721388185,1505.7215207922854,1527.259033203125,2154599,0.0,0.0
2019-12-19 00:00:00+05:30,1512.39257182807,1530.689902345906,1501.147262316498,1506.05517578125,534903,0.0,0.0
2019-12-20 00:00:00+05:30,1508.5806878725136,1526.687468080712,1493.9523387074728,1508.39013671875,548840,0.0,0.0
2019-12-23 00:00:00+05:30,1505.72163035915,1529.4986437489579,1498.4789419857652,1504.33984375,440209,0.0,0.0
2019-12-24 00:00:00+05:30,1490.4736697956932,1549.9401617290491,1483.421533257966,1522.7322998046875,2916222,0.0,0.0
2019-12-26 00:00:00+05:30,1539.076207166344,1543.7934530333828,1525.734370076357,1533.548828125,893767,0.0,0.0
2019-12-27 00:00:00+05:30,1536.217138561849,1543.7933490090973,1505.1497432691597,1508.628173828125,467070,0.0,0.0
2019-12-30 00:00:00+05:30,1506.674396914262,1525.734161581109,1506.674396914262,1511.820556640625,300609,0.0,0.0
2019-12-31 00:00:00+05:30,1509.5336834906436,1526.1632851757524,1504.3399430441002,1515.108642578125,247638,0.0,0.0
2020-01-01 00:00:00+05:30,1515.108440587582,1522.7800430116656,1499.2411619681397,1504.006103515625,154125,0.0,0.0
2020-01-02 00:00:00+05:30,1507.3894632453594,1513.726859630428,1499.0985103594837,1505.2452392578125,163571,0.0,0.0
2020-01-03 00:00:00+05:30,1507.6277504647571,1562.9010813920365,1507.6277504647571,1554.2764892578125,1181414,0.0,0.0
2020-01-06 00:00:00+05:30,1550.4644160305418,1582.9137172730807,1544.9371531623174,1570.28662109375,983061,0.0,0.0
2020-01-07 00:00:00+05:30,1581.0077347200336,1587.6786534319324,1568.1900874419496,1577.9105224609375,486953,0.0,0.0
2020-01-08 00:00:00+05:30,1575.24204454438,1693.4602957402549,1567.6658337044003,1645.382080078125,1233375,0.0,0.0
2020-01-09 00:00:00+05:30,1658.1996938444724,1694.413250376708,1645.7155699904658,1671.2080078125,826968,0.0,0.0
2020-01-10 00:00:00+05:30,1665.6807370127733,1681.9292356223948,1630.610834000405,1644.3814697265625,450735,0.0,0.0
2020-01-13 00:00:00+05:30,1643.8094763748074,1705.8012930183852,1631.611180088691,1691.31591796875,536820,0.0,0.0
2020-01-14 00:00:00+05:30,1691.0779256477629,1732.5329212891704,1682.4057544235802,1722.050048828125,687344,0.0,0.0
2020-01-15 00:00:00+05:30,1720.1437639933886,1734.3433119597037,1691.554116946407,1719.7149658203125,438185,0.0,0.0
2020-01-16 00:00:00+05:30,1719.191191027532,1719.619989304184,1682.7870781936244,1699.1307373046875,323490,0.0,0.0
2020-01-17 00:00:00+05:30,1698.225163447408,1733.3904552497563,1694.22265908976,1714.521240234375,263017,0.0,0.0
2020-01-20 00:00:00+05:30,1718.2378371376935,1720.1438136625275,1690.5534815818523,1697.462646484375,134513,0.0,0.0
2020-01-21 00:00:00+05:30,1703.3713325661881,1732.5327516544519,1691.6972257412338,1716.951416015625,374093,0.0,0.0
2020-01-22 00:00:00+05:30,1718.5238114544088,1806.8657784571014,1717.0466330881236,1784.613525390625,1210892,0.0,0.0
2020-01-23 00:00:00+05:30,1783.994380589942,1962.679715184287,1770.0807724691817,1886.0118408203125,1207141,0.0,0.0
2020-01-24 00:00:00+05:30,1883.2002584990366,1886.01164393546,1810.8208397211713,1841.22119140625,1196651,0.0,0.0
2020-01-27 00:00:00+05:30,1838.3145277547812,1864.9982015635599,1822.1137257994515,1857.2313232421875,428335,0.0,0.0
2020-01-28 00:00:00+05:30,1859.280205780012,1938.378236061786,1858.3272174633641,1914.6488037109375,1231656,0.0,0.0
2020-01-29 00:00:00+05:30,1914.6487572066105,1946.5262854231673,1830.6905118154853,1849.7979736328125,1845201,0.0,0.0
2020-01-30 00:00:00+05:30,1844.032692132994,1844.032692132994,1745.922575536388,1762.07568359375,1514678,0.0,0.0
2020-01-31 00:00:00+05:30,1777.323182645145,1872.2407942267948,1766.8880072743107,1851.132080078125,1129204,0.0,0.0
2020-02-03 00:00:00+05:30,1791.5227245177146,1827.7362798385045,1780.8968817296407,1796.76416015625,341567,0.0,0.0
2020-02-04 00:00:00+05:30,1810.5826641959115,1858.3273592361215,1808.390744367766,1832.2154541015625,458477,0.0,0.0
2020-02-05 00:00:00+05:30,1839.219745925441,1878.0540196333952,1831.024069709833,1844.461181640625,366975,0.0,0.0
2020-02-06 00:00:00+05:30,1861.1862940134329,1864.9505515572712,1792.046940962275,1810.201416015625,244162,0.0,0.0
2020-02-07 00:00:00+05:30,1830.6076356651265,1856.666059902393,1797.4596341235022,1806.60888671875,364726,10.0,0.0
2020-02-10 00:00:00+05:30,1810.6801871392242,1816.4283782095076,1756.1203203426844,1779.9752197265625,268670,0.0,0.0
2020-02-11 00:00:00+05:30,1783.7118465744547,1802.9204348538985,1746.779783334049,1753.581787109375,233960,0.0,0.0
2020-02-12 00:00:00+05:30,1758.9466641981655,1779.2568948054277,1706.4464664399263,1756.6953125,490258,0.0,0.0
2020-02-13 00:00:00+05:30,1755.114516066511,1760.3836917424749,1724.4574939518122,1743.8096923828125,620623,0.0,0.0
2020-02-14 00:00:00+05:30,1748.408264724962,1790.849125820202,1748.408264724962,1758.611328125,453478,0.0,0.0
2020-02-17 00:00:00+05:30,1768.958056703961,1778.011528847953,1717.6075673003877,1747.641845703125,208806,0.0,0.0
2020-02-18 00:00:00+05:30,1751.1864672555976,1775.9036191736568,1730.2055460486147,1770.9698486328125,278478,0.0,0.0
2020-02-19 00:00:00+05:30,1772.885968277172,1828.787105904405,1767.1377769129886,1803.5908203125,666656,0.0,0.0
2020-02-20 00:00:00+05:30,1805.93804131786,1833.5292892804462,1767.6167661360037,1776.5743408203125,511083,0.0,0.0
2020-02-24 00:00:00+05:30,1776.622133349159,1790.8968314313252,1752.3839974956472,1761.6290283203125,266476,0.0,0.0
2020-02-25 00:00:00+05:30,1770.8262808464237,1824.7634094958714,1764.1200571923453,1810.1055908203125,710576,0.0,0.0
2020-02-26 00:00:00+05:30,1815.4703865240213,1829.840864517615,1775.2330481419585,1810.5364990234375,550885,0.0,0.0
2020-02-27 00:00:00+05:30,1797.1242499983268,1828.8350848593398,1782.5142624358014,1806.65673828125,369349,0.0,0.0
2020-02-28 00:00:00+05:30,1743.6180015188083,1795.3517224429927,1597.5660898737838,1618.8343505859375,791185,0.0,0.0
2020-03-02 00:00:00+05:30,1625.7800497034393,1779.496213281003,1625.7800497034393,1715.499755859375,1411779,0.0,0.0
2020-03-03 00:00:00+05:30,1732.6965325548535,1836.6429974005669,1730.349401095305,1821.8892822265625,1483311,0.0,0.0
2020-03-04 00:00:00+05:30,1826.3919581937082,1902.411762766238,1716.9846497990445,1753.821044921875,905618,0.0,0.0
2020-03-05 00:00:00+05:30,1753.198250827589,1801.0998423802553,1721.1999642809587,1750.9468994140625,435452,0.0,0.0
2020-03-06 00:00:00+05:30,1724.4574679475409,1725.75078765905,1663.766168784505,1713.009033203125,414794,0.0,0.0
2020-03-09 00:00:00+05:30,1690.9264165694,1695.71657638971,1563.172877551187,1591.1953125,422201,0.0,0.0
2020-03-11 00:00:00+05:30,1597.0393998276045,1597.9974318610944,1528.1568732302294,1557.664306640625,478474,0.0,0.0
2020-03-12 00:00:00+05:30,1417.4562108823043,1486.1950029301695,1342.8254989837417,1379.230712890625,478525,0.0,0.0
2020-03-13 00:00:00+05:30,1241.6091968433664,1505.1158868257867,1199.5515779744246,1320.83837890625,400395,0.0,0.0
2020-03-16 00:00:00+05:30,1236.8193892220452,1285.631075890745,1176.7028774686112,1187.5286865234375,277812,0.0,0.0
2020-03-17 00:00:00+05:30,1180.3911302570878,1207.120244780975,1120.8973701537627,1132.2979736328125,465562,0.0,0.0
2020-03-18 00:00:00+05:30,1139.339585485537,1159.170801619853,1055.7992397024611,1072.27734375,432196,0.0,0.0
2020-03-19 00:00:00+05:30,1019.3459406862122,1053.6435294543678,867.5457745725674,992.3773193359375,863244,0.0,0.0
2020-03-20 00:00:00+05:30,1091.1984601724457,1116.1072924503067,952.6670548165649,1095.17431640625,646860,0.0,0.0
2020-03-23 00:00:00+05:30,986.7730426604096,1029.8365378888639,821.4167289982271,827.9313354492188,248231,0.0,0.0
2020-03-24 00:00:00+05:30,873.5815000928327,1034.9141204603175,704.4888435214408,976.186767578125,1063694,0.0,0.0
2020-03-25 00:00:00+05:30,944.6193099243526,1220.197167492035,929.3386917455587,1190.7855224609375,843374,0.0,0.0
2020-03-26 00:00:00+05:30,1200.6056704384996,1309.8213197863965,1101.8325934089341,1120.1309814453125,1257909,0.0,0.0
2020-03-27 00:00:00+05:30,1130.4775177224246,1221.4905382170266,1111.7958977261642,1150.835693359375,663878,0.0,0.0
2020-03-30 00:00:00+05:30,1101.7367351935993,1150.5963643195764,1056.8529620232075,1083.6778564453125,533300,0.0,0.0
2020-03-31 00:00:00+05:30,1150.596378380425,1165.9248896660927,1083.8694293005512,1099.5811767578125,330841,0.0,0.0
2020-04-01 00:00:00+05:30,1087.3661691050843,1154.42839979879,1021.6452064147027,1115.244873046875,337957,0.0,0.0
2020-04-03 00:00:00+05:30,1121.9511322812214,1132.393703358154,968.6181387115873,994.0060424804688,512848,0.0,0.0
2020-04-07 00:00:00+05:30,1026.0521241484528,1069.3072861049452,998.2692001519027,1056.278076171875,328969,0.0,0.0
2020-04-08 00:00:00+05:30,1053.8350589485412,1110.6463957234853,1017.9088637571136,1054.7930908203125,349997,0.0,0.0
2020-04-09 00:00:00+05:30,1069.307229636908,1103.173630778972,1057.6671197394573,1064.2296142578125,259795,0.0,0.0
2020-04-13 00:00:00+05:30,1053.835114771751,1063.4154339969489,1016.8071575769106,1030.2196044921875,210552,0.0,0.0
2020-04-15 00:00:00+05:30,1068.2055284896653,1083.534038315526,1026.4353626036448,1046.458251953125,506393,0.0,0.0
2020-04-16 00:00:00+05:30,1034.6745080054982,1068.2056263204913,1009.9572368686852,1033.812255859375,452680,0.0,0.0
2020-04-17 00:00:00+05:30,1054.7932812374124,1115.6283160771723,1054.7932812374124,1065.523193359375,475912,0.0,0.0
2020-04-20 00:00:00+05:30,1077.7859673928076,1089.1865712373483,1034.6745286970952,1042.674072265625,525607,0.0,0.0
2020-04-21 00:00:00+05:30,1029.8841671921764,1029.8841671921764,985.3356892624682,997.1673583984375,349913,0.0,0.0
2020-04-22 00:00:00+05:30,998.2693270370692,1052.8771501091546,976.6178275944319,1035.39306640625,378375,0.0,0.0
2020-04-23 00:00:00+05:30,1038.0276794026536,1168.9427765257224,1038.0276794026536,1129.1844482421875,864933,0.0,0.0
2020-04-24 00:00:00+05:30,1131.4356942307584,1148.6802687406262,1039.704138157435,1069.2593994140625,945000,0.0,0.0
2020-04-27 00:00:00+05:30,1082.5761331259753,1124.5379804632146,1033.0459267344265,1074.432861328125,1040984,0.0,0.0
2020-04-28 00:00:00+05:30,1092.1563638972993,1164.8710083567544,1089.042760228294,1129.423828125,1441303,0.0,0.0
2020-04-29 00:00:00+05:30,1135.2679463297566,1194.6659317073472,1112.9937018131602,1132.2501220703125,1396986,0.0,0.0
2020-04-30 00:00:00+05:30,1154.428477718376,1193.1808225774053,1142.8363147340579,1152.9434814453125,657718,0.0,0.0
2020-05-04 00:00:00+05:30,1117.0651786245635,1173.5890598757207,1103.748512025095,1131.9146728515625,900464,0.0,0.0
2020-05-05 00:00:00+05:30,1154.4287155545742,1183.169679427302,1125.4482436495734,1139.8187255859375,801208,0.0,0.0
2020-05-06 00:00:00+05:30,1183.073537264321,1387.2300980571824,1174.0680146195284,1359.255615234375,5148441,0.0,0.0
2020-05-07 00:00:00+05:30,1342.2026043799594,1354.99230602154,1293.4867088309925,1316.1920166015625,1354819,0.0,0.0
2020-05-08 00:00:00+05:30,1326.8742368157887,1371.8537896170308,1303.019218121851,1343.687744140625,1296520,0.0,0.0
2020-05-11 00:00:00+05:30,1346.0828770912262,1404.4269309772935,1341.2447688247746,1376.3087158203125,821359,0.0,0.0
2020-05-12 00:00:00+05:30,1360.405374096458,1393.840712666168,1337.5083870162275,1370.9437255859375,649246,0.0,0.0
2020-05-13 00:00:00+05:30,1425.5515883719395,1425.5515883719395,1348.956978235296,1359.6868896484375,395733,0.0,0.0
2020-05-14 00:00:00+05:30,1352.6868980921593,1356.5006362779543,1280.41810344718,1299.0042724609375,435909,11.0,0.0
2020-05-15 00:00:00+05:30,1308.2248860164427,1327.583514591699,1288.0939159309664,1311.79736328125,361711,0.0,0.0
2020-05-18 00:00:00+05:30,1322.610621284374,1342.9829630124273,1284.3279302168412,1297.989990234375,746100,0.0,0.0
2020-05-19 00:00:00+05:30,1307.5488153946494,1358.479736577642,1302.0454265058972,1326.4246826171875,700013,0.0,0.0
2020-05-20 00:00:00+05:30,1327.5835361944098,1374.8937858478835,1322.7559596991575,1366.3489990234375,456700,0.0,0.0
2020-05-21 00:00:00+05:30,1367.16950849909,1401.9280553253382,1347.85920470673,1392.5142822265625,439231,0.0,0.0
2020-05-22 00:00:00+05:30,1400.9626559868277,1518.7555188609786,1399.9971407173673,1455.079833984375,2494192,0.0,0.0
2020-05-26 00:00:00+05:30,1430.0728596077647,1473.7140994288732,1411.7762758825934,1434.2728271484375,598598,0.0,0.0
2020-05-27 00:00:00+05:30,1434.7554467907523,1461.451963030304,1417.3761748915374,1442.334716796875,650710,0.0,0.0
2020-05-28 00:00:00+05:30,1447.355917471475,1459.2316862567152,1406.7076245632197,1422.107666015625,472136,0.0,0.0
2020-05-29 00:00:00+05:30,1427.4176310612122,1445.3761894014679,1395.3142521049003,1401.6383056640625,547181,0.0,0.0
2020-06-01 00:00:00+05:30,1410.7141870886012,1451.1692961625524,1396.6176892209794,1400.9141845703125,626997,0.0,0.0
2020-06-02 00:00:00+05:30,1415.059082696609,1435.3349023142698,1398.5487960086625,1407.3349609375,457703,0.0,0.0
2020-06-03 00:00:00+05:30,1427.0314197812986,1436.686571471294,1390.8246009438164,1394.3487548828125,627595,0.0,0.0
2020-06-04 00:00:00+05:30,1394.3488624134977,1409.5074045915053,1380.8316490050713,1395.459228515625,368932,0.0,0.0
2020-06-05 00:00:00+05:30,1403.859296745637,1465.555750209155,1401.011073652389,1417.5213623046875,1153836,0.0,0.0
2020-06-08 00:00:00+05:30,1428.9624032028476,1450.1554133222717,1393.4313990059425,1400.3831787109375,313359,0.0,0.0
2020-06-09 00:00:00+05:30,1409.4591399624408,1416.4591251816018,1334.052308347434,1365.5281982421875,645670,0.0,0.0
2020-06-10 00:00:00+05:30,1376.0038449624826,1385.4176170275675,1341.3418298891525,1356.1142578125,375820,0.0,0.0
2020-06-11 00:00:00+05:30,1358.3834911265365,1369.824823791872,1306.39051610049,1319.18359375,300744,0.0,0.0
2020-06-12 00:00:00+05:30,1257.1008123630781,1307.3076036402517,1257.1008123630781,1296.831787109375,302498,0.0,0.0
2020-06-15 00:00:00+05:30,1298.6180265517019,1330.480030177134,1278.824963693479,1286.9835205078125,320523,0.0,0.0
2020-06-16 00:00:00+05:30,1304.4111928477232,1322.5629279457912,1282.2526634739982,1300.7421875,254767,0.0,0.0
2020-06-17 00:00:00+05:30,1289.4456038358933,1320.8248491557483,1276.4111480876456,1291.90771484375,244640,0.0,0.0
2020-06-18 00:00:00+05:30,1291.9077115968512,1349.7419800754956,1288.383557405329,1322.80419921875,509057,0.0,0.0
2020-06-19 00:00:00+05:30,1336.5144391085853,1338.493792447698,1275.928359242908,1284.859375,755958,0.0,0.0
2020-06-22 00:00:00+05:30,1286.6456166487355,1309.2386973882042,1281.093903883262,1290.45947265625,353450,0.0,0.0
2020-06-23 00:00:00+05:30,1288.9628579268497,1327.5834679021862,1282.3007791339546,1322.080078125,448529,0.0,0.0
2020-06-24 00:00:00+05:30,1332.4108591651284,1383.2934585990981,1308.176453342315,1340.0384521484375,902188,0.0,0.0
2020-06-25 00:00:00+05:30,1315.6109486318971,1338.879840684377,1305.3765113898935,1331.010986328125,683129,0.0,0.0
2020-06-26 00:00:00+05:30,1342.066299623375,1454.0660771459013,1340.1352689764349,1411.293701171875,2314144,0.0,0.0
2020-06-29 00:00:00+05:30,1418.8246498260087,1418.8246498260087,1359.4454623715687,1368.8109130859375,624987,0.0,0.0
2020-06-30 00:00:00+05:30,1389.5693359016534,1390.0520934694155,1352.7832328103411,1360.6038818359375,291629,0.0,0.0
2020-07-01 00:00:00+05:30,1360.0246428553642,1369.1005090119352,1327.5833567640416,1337.190185546875,249505,0.0,0.0
2020-07-02 00:00:00+05:30,1342.0662035029977,1394.6384619563516,1338.204142485723,1364.2247314453125,555299,0.0,0.0
2020-07-03 00:00:00+05:30,1373.7352121010156,1394.2040892588523,1364.852400649673,1371.36962890625,319136,0.0,0.0
2020-07-06 00:00:00+05:30,1381.6523582836978,1411.2936300767205,1375.9075895427516,1386.7213134765625,328937,0.0,0.0
2020-07-07 00:00:00+05:30,1395.1693579831847,1522.6173546986035,1391.307297476657,1460.5830078125,2654421,0.0,0.0
2020-07-08 00:00:00+05:30,1464.0592165187575,1495.3902611798524,1439.2937235573927,1485.735107421875,749173,0.0,0.0
2020-07-09 00:00:00+05:30,1486.893400493421,1561.2380705180922,1486.893400493421,1513.445068359375,1328636,0.0,0.0
2020-07-10 00:00:00+05:30,1511.8036790444878,1543.569033401649,1493.8450028467505,1537.9691162109375,533167,0.0,0.0
2020-07-13 00:00:00+05:30,1539.4658692053038,1575.7210169541588,1524.0659468518013,1532.2728271484375,638390,0.0,0.0
2020-07-14 00:00:00+05:30,1528.893326954649,1560.2725711138066,1482.0175166125948,1488.776123046875,442786,0.0,0.0
2020-07-15 00:00:00+05:30,1504.8038466022083,1637.6103991031312,1504.755523695198,1630.0311279296875,2087733,0.0,0.0
2020-07-16 00:00:00+05:30,1651.706934147533,1699.306884359401,1565.1967890613867,1595.75537109375,1638194,0.0,0.0
2020-07-17 00:00:00+05:30,1595.8036737823452,1640.893189418779,1578.7139829113132,1620.8104248046875,611264,0.0,0.0
2020-07-20 00:00:00+05:30,1631.7206741645327,1653.9275235762395,1608.5483095610127,1633.94140625,285365,0.0,0.0
2020-07-21 00:00:00+05:30,1660.686113816874,1664.5481745466807,1602.9965816653867,1610.720703125,338345,0.0,0.0
2020-07-22 00:00:00+05:30,1616.2726196882595,1620.3277368227452,1576.445113378737,1590.493408203125,225606,0.0,0.0
2020-07-23 00:00:00+05:30,1596.8654301804615,1615.306744818739,1566.0654752516405,1578.955078125,263689,0.0,0.0
2020-07-24 00:00:00+05:30,1564.0864594906554,1659.7207968798364,1558.1968397463622,1641.4725341796875,1191324,0.0,0.0
2020-07-27 00:00:00+05:30,1651.030988633261,1740.7755791459592,1635.3896895694531,1708.5274658203125,1834260,0.0,0.0
2020-07-28 00:00:00+05:30,1712.823914647201,1735.0307635969673,1665.7550500254135,1706.4515380859375,1077078,0.0,0.0
2020-07-29 00:00:00+05:30,1748.5482826311934,1828.9274347731298,1711.4242649123446,1798.6102294921875,2979702,0.0,0.0
2020-07-30 00:00:00+05:30,1781.3754724626199,1882.754564391387,1776.547896656488,1869.7684326171875,1366401,0.0,0.0
2020-07-31 00:00:00+05:30,1865.3754261085476,1901.0994896520342,1821.8307127668793,1859.775390625,1220905,0.0,0.0
2020-08-03 00:00:00+05:30,1855.7201696433324,1886.3752765039858,1831.5822902254952,1862.140869140625,455332,0.0,0.0
2020-08-04 00:00:00+05:30,1865.6652019311805,1890.8651268866595,1839.5479667534564,1877.3961181640625,396026,0.0,0.0
2020-08-05 00:00:00+05:30,1877.396292597752,1899.120388174494,1844.5687703928972,1852.437744140625,507874,0.0,0.0
2020-08-06 00:00:00+05:30,1849.9271448261718,1969.5061801719362,1849.9271448261718,1953.9130859375,2105727,0.0,0.0
2020-08-07 00:00:00+05:30,1950.3407147967685,1966.3682436333456,1903.175320587817,1920.264892578125,804818,0.0,0.0
2020-08-10 00:00:00+05:30,1926.2030505825765,1947.5409154404376,1911.7203208789479,1920.5548095703125,278255,0.0,0.0
2020-08-11 00:00:00+05:30,1931.0303368604812,2007.30603516647,1896.3201136997093,1909.595947265625,1278515,0.0,0.0
2020-08-12 00:00:00+05:30,1906.8927395860505,1949.278885319127,1874.692827530255,1932.913330078125,601923,0.0,0.0
2020-08-13 00:00:00+05:30,1933.927048567759,1973.99593150114,1913.1684706625133,1919.7822265625,478535,0.0,0.0
2020-08-14 00:00:00+05:30,1930.0650352901873,1959.9960088239523,1900.1340617564226,1907.9547119140625,338491,0.0,0.0
2020-08-17 00:00:00+05:30,1925.4787579635213,1978.3407170952764,1910.0788371050528,1926.6373291015625,798426,0.0,0.0
2020-08-18 00:00:00+05:30,1931.9958796490494,1958.0647895693512,1920.4096974622485,1942.1337890625,324744,0.0,0.0
2020-08-19 00:00:00+05:30,1947.3478214840463,1978.6305406049826,1935.3270853483848,1947.8787841796875,403938,0.0,0.0
2020-08-20 00:00:00+05:30,1931.0305477528088,1958.0649754213482,1921.8098297429888,1933.4443359375,102303,0.0,0.0
2020-08-21 00:00:00+05:30,1940.6370392361089,1949.7612276999016,1906.0716691742105,1916.1612548828125,126598,0.0,0.0
2020-08-24 00:00:00+05:30,1919.444167648935,1931.0303497474195,1878.3132447714627,1888.0166015625,140538,0.0,0.0
2020-08-25 00:00:00+05:30,1890.4785010415435,1905.2026058121685,1864.9888797025462,1876.52685546875,113492,0.0,0.0
2020-08-26 00:00:00+05:30,1882.754668339758,1891.0580756125948,1853.9340627580905,1882.8511962890625,102513,0.0,0.0
2020-08-27 00:00:00+05:30,1902.064866671461,1906.8924424751958,1867.3063208845715,1873.2442626953125,149884,0.0,0.0
2020-08-28 00:00:00+05:30,1878.1201879538157,1954.6372703265927,1878.1201879538157,1932.430419921875,156148,0.0,0.0
2020-08-31 00:00:00+05:30,1950.340704333014,1964.8234323354868,1844.2305602627475,1857.6512451171875,190664,0.0,0.0
2020-09-01 00:00:00+05:30,1866.8238288802736,1882.7065083897503,1815.651518080866,1825.7894287109375,113377,0.0,0.0
2020-09-02 00:00:00+05:30,1829.6512864572114,1892.3132459085537,1827.2374984803548,1878.84423828125,83162,0.0,0.0
2020-09-03 00:00:00+05:30,1897.430435509321,1923.8373706795437,1875.2719086779919,1892.84423828125,153257,0.0,0.0
2020-09-04 00:00:00+05:30,1854.754790628516,1906.602912280027,1845.0031101999639,1852.9202880859375,83977,0.0,0.0
2020-09-07 00:00:00+05:30,1855.7202453216432,1880.002976578412,1819.9961823263775,1856.2030029296875,79638,0.0,0.0
2020-09-08 00:00:00+05:30,1865.3754117749959,1916.4511906695554,1844.1340768583034,1877.1064453125,225397,0.0,0.0
2020-09-09 00:00:00+05:30,1871.168505290491,1871.168505290491,1831.582381081559,1843.8927001953125,94690,0.0,0.0
2020-09-10 00:00:00+05:30,1856.685653955902,1866.4856564087838,1822.7960953887607,1845.8236083984375,86090,0.0,0.0
2020-09-11 00:00:00+05:30,1848.9618812607305,2030.3821198644944,1848.9618812607305,2018.5064697265625,1772890,0.0,0.0
2020-09-14 00:00:00+05:30,2015.3198790751076,2114.6229737434437,1991.6647572036445,2080.3955078125,1091182,0.0,0.0
2020-09-15 00:00:00+05:30,2080.6853836394544,2098.3060371203915,2051.719925862571,2070.885498046875,354301,0.0,0.0
2020-09-16 00:00:00+05:30,2066.2023792617174,2123.8435854080426,2058.0438235533184,2106.319580078125,254579,0.0,0.0
2020-09-17 00:00:00+05:30,2102.891995589313,2193.650419641377,2081.8437181861354,2179.843505859375,691066,0.0,0.0
2020-09-18 00:00:00+05:30,2171.4438223361353,2171.4438223361353,2108.685330361103,2118.05078125,293783,0.0,0.0
2020-09-21 00:00:00+05:30,2128.960732457868,2187.3743942781402,2011.8437071516091,2030.23681640625,743397,0.0,0.0
2020-09-22 00:00:00+05:30,2032.409275265075,2124.1332093031665,1986.450662447932,2086.767822265625,507593,0.0,0.0
2020-09-23 00:00:00+05:30,2114.478446688421,2164.6852408563655,2075.8578357900024,2146.7265625,580960,0.0,0.0
2020-09-24 00:00:00+05:30,2133.7883387502775,2139.14699461858,2026.9058659399734,2041.5333251953125,297312,0.0,0.0
2020-09-25 00:00:00+05:30,2061.374918976486,2245.6435862330695,2041.5335347900505,2224.885009765625,1170034,0.0,0.0
2020-09-28 00:00:00+05:30,2247.7675611823797,2310.4777221679688,2221.8433854728937,2301.7880859375,625090,0.0,0.0
2020-09-29 00:00:00+05:30,2312.4091478703303,2336.54703041595,2236.1334390261736,2250.471435546875,428100,0.0,0.0
2020-09-30 00:00:00+05:30,2259.3056027341395,2266.981401547849,2201.3746898435206,2242.119384765625,331363,0.0,0.0
2020-10-01 00:00:00+05:30,2257.3745746117793,2274.753848496729,2225.512572489372,2255.25048828125,305728,0.0,0.0
2020-10-05 00:00:00+05:30,2273.5951864026188,2354.84319427497,2249.9883874645016,2264.229736328125,558318,0.0,0.0
2020-10-06 00:00:00+05:30,2273.3055122798582,2331.526125315204,2241.926268640404,2320.71240234375,411099,0.0,0.0
2020-10-07 00:00:00+05:30,2322.063961707203,2345.2363255662353,2270.360577702442,2312.794921875,244624,0.0,0.0
2020-10-08 00:00:00+05:30,2365.5121337593923,2466.79457940197,2353.2018155122773,2382.263916015625,1017006,0.0,0.0
2020-10-09 00:00:00+05:30,2383.8090520223545,2413.7400275683017,2336.5471232642676,2381.395263671875,328969,0.0,0.0
2020-10-12 00:00:00+05:30,2381.9261840719205,2616.5463959606423,2381.9261840719205,2575.608642578125,1741341,0.0,0.0
2020-10-13 00:00:00+05:30,2585.3602726079184,2716.9600551901813,2550.8914235296584,2701.029052734375,1700000,0.0,0.0
2020-10-14 00:00:00+05:30,2608.0976031940677,2671.773275413275,2505.5116262058696,2516.80810546875,1356652,0.0,0.0
2020-10-15 00:00:00+05:30,2540.2700171185047,2558.4217466352093,2397.4221170819937,2422.13916015625,1055096,0.0,0.0
2020-10-16 00:00:00+05:30,2440.8223837132473,2508.4084465534083,2382.1673363198215,2488.32568359375,1066656,0.0,0.0
2020-10-19 00:00:00+05:30,2498.7532497450798,2537.1324775956855,2431.167188121372,2455.739501953125,691197,0.0,0.0
2020-10-20 00:00:00+05:30,2448.5471077676143,2545.002004041296,2436.1401403185837,2487.167724609375,810729,0.0,0.0
2020-10-21 00:00:00+05:30,2492.960462945664,2528.2017708068247,2395.008984541616,2424.98828125,640088,0.0,0.0
2020-10-22 00:00:00+05:30,2434.1121826774556,2474.9052005574167,2349.2432537499217,2371.932861328125,751377,0.0,0.0
2020-10-23 00:00:00+05:30,2413.78839026802,2446.5675894635556,2259.305933290867,2298.023193359375,1667509,0.0,0.0
2020-10-26 00:00:00+05:30,2283.4438656982047,2316.4161215210497,2106.271794089063,2135.86474609375,6184617,0.0,0.0
2020-10-27 00:00:00+05:30,2104.8232053549473,2194.6161219136675,2103.2782866954476,2151.84375,1004134,0.0,0.0
2020-10-28 00:00:00+05:30,2151.843266742069,2201.3742341548405,2143.443333256029,2164.974365234375,554275,0.0,0.0
2020-10-29 00:00:00+05:30,2157.9265458089008,2178.0093098001007,2095.1680556623332,2124.809326171875,635810,0.0,0.0
2020-10-30 00:00:00+05:30,2132.8234379437927,2200.2164574595217,2090.8718425445672,2129.5888671875,800257,0.0,0.0
2020-11-02 00:00:00+05:30,2128.9609682765877,2149.285109925293,2029.464582002631,2044.864501953125,429330,0.0,0.0
2020-11-03 00:00:00+05:30,2060.312397713556,2096.61585659245,2005.8574451166544,2056.112548828125,688573,0.0,0.0
2020-11-04 00:00:00+05:30,2068.2302332992203,2152.519522867601,2068.181910394244,2108.44384765625,832575,0.0,0.0
2020-11-05 00:00:00+05:30,2145.374926905002,2152.133533785441,2104.8232856223694,2121.961181640625,357307,0.0,0.0
2020-11-06 00:00:00+05:30,2133.064697429306,2146.14747701682,2105.4991881998585,2141.561279296875,391952,0.0,0.0
2020-11-09 00:00:00+05:30,2168.83709267119,2258.340314956769,2149.4784635196693,2249.79541015625,1026412,0.0,0.0
2020-11-10 00:00:00+05:30,2259.3051273814935,2265.0982174517026,2134.463989224203,2147.208740234375,758606,0.0,0.0
2020-11-11 00:00:00+05:30,2147.306166339557,2222.374985778811,2137.89239155457,2210.740478515625,570470,0.0,0.0
2020-11-12 00:00:00+05:30,2197.5124660435176,2273.3054047888677,2159.857375456656,2254.71923828125,706611,0.0,0.0
2020-11-13 00:00:00+05:30,2247.719579128398,2277.3608511762113,2205.2369066706447,2224.8369140625,386871,0.0,0.0
2020-11-14 00:00:00+05:30,2239.8988818567937,2260.4644051819214,2226.478313285611,2238.981689453125,45252,0.0,0.0
2020-11-17 00:00:00+05:30,2248.6849659640043,2248.6849659640043,2193.9886225875684,2224.450439453125,273684,0.0,0.0
2020-11-18 00:00:00+05:30,2230.339861057704,2254.4777383418786,2212.574477665135,2238.1123046875,287839,0.0,0.0
2020-11-19 00:00:00+05:30,2239.9954175198604,2307.581486151925,2230.340264858137,2251.002197265625,701805,0.0,0.0
2020-11-20 00:00:00+05:30,2266.0646949849056,2322.0645894498075,2237.0992323306464,2273.788818359375,716526,0.0,0.0
2020-11-23 00:00:00+05:30,2284.4090037563815,2364.5467667791117,2268.3332696795737,2341.036376953125,604392,0.0,0.0
2020-11-24 00:00:00+05:30,2349.8225413535224,2399.305193739498,2343.0156122712538,2368.45703125,559738,0.0,0.0
2020-11-25 00:00:00+05:30,2373.1396977691857,2397.2294904034293,2329.0157006085715,2340.84326171875,412912,0.0,0.0
2020-11-26 00:00:00+05:30,2345.187976096522,2408.9602988887536,2336.8363643388634,2366.767333984375,479070,0.0,0.0
2020-11-27 00:00:00+05:30,2375.9879681065277,2393.463650277731,2310.4776731805414,2317.86376953125,286800,0.0,0.0
2020-12-01 00:00:00+05:30,2321.0989231920476,2390.80908497223,2302.7541313698143,2370.726318359375,315214,0.0,0.0
2020-12-02 00:00:00+05:30,2379.9950737203267,2396.022721040875,2323.9951896327893,2358.9951171875,351021,0.0,0.0
2020-12-03 00:00:00+05:30,2368.408814472588,2427.3052423905774,2366.71916285199,2398.919189453125,754884,0.0,0.0
2020-12-04 00:00:00+05:30,2410.8915886538202,2410.8915886538202,2351.8021022676376,2363.72607421875,198270,0.0,0.0
2020-12-07 00:00:00+05:30,2365.4155897063215,2399.3052674506566,2363.919229726346,2371.015625,315825,0.0,0.0
2020-12-08 00:00:00+05:30,2379.3194370415545,2407.0296794277683,2327.8574236262934,2392.015869140625,394651,0.0,0.0
2020-12-09 00:00:00+05:30,2394.477904573304,2476.112268988441,2388.7331357771973,2421.126220703125,746184,0.0,0.0
2020-12-10 00:00:00+05:30,2423.442698208258,2425.1806723871177,2371.0151855210584,2395.877197265625,230710,0.0,0.0
2020-12-11 00:00:00+05:30,2395.8778526511214,2437.926090384026,2380.477931026462,2411.857177734375,264368,0.0,0.0
2020-12-14 00:00:00+05:30,2414.753826185016,2432.1331020232124,2397.374550346819,2416.82958984375,135692,0.0,0.0
2020-12-15 00:00:00+05:30,2420.6432608545665,2470.1740022142912,2403.0226083916295,2452.939697265625,352227,0.0,0.0
2020-12-16 00:00:00+05:30,2457.2364247663268,2464.8158141175686,2418.61581298218,2446.71240234375,236588,0.0,0.0
2020-12-17 00:00:00+05:30,2425.3743152067354,2461.7258701886517,2410.698530507427,2423.974365234375,141877,0.0,0.0
2020-12-18 00:00:00+05:30,2442.7535391461934,2534.477486268284,2442.7535391461934,2468.62939453125,974484,0.0,0.0
2020-12-21 00:00:00+05:30,2471.719142259414,2537.4225048844787,2225.512743323418,2307.58154296875,656398,0.0,0.0
2020-12-22 00:00:00+05:30,2330.7535544093803,2507.10480092977,2259.3054338516777,2474.856689453125,786285,0.0,0.0
2020-12-23 00:00:00+05:30,2486.2017739475923,2569.2360856211817,2458.6362663581654,2541.42919921875,778684,0.0,0.0
2020-12-24 00:00:00+05:30,2530.712227908549,2594.3395914069647,2500.9743097499804,2561.07763671875,602180,0.0,0.0
2020-12-28 00:00:00+05:30,2577.9258053447284,2621.3739930752577,2571.3119313682573,2598.10498046875,434906,0.0,0.0
2020-12-29 00:00:00+05:30,2597.8633614893924,2635.759832839916,2575.8498036514975,2588.0634765625,333417,0.0,0.0
2020-12-30 00:00:00+05:30,2594.3392365844525,2614.6150549574604,2565.4221046681946,2601.67724609375,240135,0.0,0.0
2020-12-31 00:00:00+05:30,2603.029155002566,2621.1325662252284,2573.098181781097,2611.863525390625,175429,0.0,0.0
2021-01-01 00:00:00+05:30,2610.0289903147313,2653.2357959437277,2593.2291199565207,2628.373779296875,216757,0.0,0.0
2021-01-04 00:00:00+05:30,2656.035777907651,2768.3735703059706,2626.2014512973196,2740.663330078125,523222,0.0,0.0
2021-01-05 00:00:00+05:30,2742.0637566512873,2805.7877735312118,2714.1604556697525,2783.146484375,632717,0.0,0.0
2021-01-06 00:00:00+05:30,2785.5111554542777,2809.2145990860595,2665.787279101997,2704.93896484375,436993,0.0,0.0
2021-01-07 00:00:00+05:30,2732.4080907389307,2751.718395267121,2635.856568097979,2646.2841796875,353906,0.0,0.0
2021-01-08 00:00:00+05:30,2680.7533193226573,2727.580812925088,2650.3395863643777,2707.498046875,498550,0.0,0.0
2021-01-11 00:00:00+05:30,2722.946063908505,2749.7874350324046,2671.049619163775,2719.90478515625,495273,0.0,0.0
2021-01-12 00:00:00+05:30,2715.4150356575956,2733.8564714985964,2656.8566291528387,2676.746337890625,222656,0.0,0.0
2021-01-13 00:00:00+05:30,2683.1669981102395,2701.029031023172,2574.5948506026893,2636.0498046875,344363,0.0,0.0
2021-01-14 00:00:00+05:30,2647.828739094272,2658.1599401120907,2579.518540012505,2639.718505859375,370482,0.0,0.0
2021-01-15 00:00:00+05:30,2658.497926367304,2667.525588271924,2519.9948104615246,2546.836181640625,375905,0.0,0.0
2021-01-18 00:00:00+05:30,2556.684681235437,2563.443288776467,2405.822905766012,2423.298828125,409992,0.0,0.0
2021-01-19 00:00:00+05:30,2450.3808327318893,2464.960205951095,2389.650023395597,2430.20166015625,425600,0.0,0.0
2021-01-20 00:00:00+05:30,2442.7535725886387,2556.0568810050145,2438.891511604309,2529.794677734375,574158,0.0,0.0
2021-01-21 00:00:00+05:30,2547.029005969698,2664.0493968555497,2447.773999836136,2466.55322265625,379262,0.0,0.0
2021-01-22 00:00:00+05:30,2483.546499502702,2498.5603081660065,2397.277621180453,2405.098388671875,324671,0.0,0.0
2021-01-25 00:00:00+05:30,2409.926301939134,2424.6987338669596,2290.057666105249,2314.9677734375,340348,0.0,0.0
2021-01-27 00:00:00+05:30,2324.864060217744,2399.305379770032,2289.574666649831,2363.629638671875,480020,0.0,0.0
2021-01-28 00:00:00+05:30,2326.4087556606505,2344.222463047146,2285.3743617550363,2336.643310546875,293093,0.0,0.0
2021-01-29 00:00:00+05:30,2336.6435252907627,2391.388192223495,2271.8573584348146,2310.284912109375,656175,0.0,0.0
2021-02-01 00:00:00+05:30,2298.8914822240586,2358.0776057481644,2244.870958838979,2340.215576171875,240826,0.0,0.0
2021-02-02 00:00:00+05:30,2365.4155170363174,2411.856890930087,2301.836484623028,2368.45703125,451684,0.0,0.0
2021-02-03 00:00:00+05:30,2384.822880608776,2463.995138183642,2344.8506399754383,2436.236572265625,457239,0.0,0.0
2021-02-04 00:00:00+05:30,2451.443268274835,2473.360417739372,2422.0433754746814,2460.422607421875,287341,0.0,0.0
2021-02-05 00:00:00+05:30,2476.5463917979073,2483.8360784190345,2351.2707994642706,2412.436279296875,575079,0.0,0.0
2021-02-08 00:00:00+05:30,2433.0983331905472,2549.3945932814886,2394.863836523244,2514.8291015625,487169,0.0,0.0
2021-02-09 00:00:00+05:30,2531.5810782250146,2552.7257686858893,2439.8571261154125,2455.932861328125,355183,0.0,0.0
2021-02-10 00:00:00+05:30,2466.8916647661868,2529.6501611301014,2433.243361273235,2515.794921875,340844,0.0,0.0
2021-02-11 00:00:00+05:30,2510.34001984856,2567.305427991277,2485.574644325974,2549.5400390625,225339,0.0,0.0
2021-02-12 00:00:00+05:30,2566.339421456463,2606.79441436088,2510.3395394231766,2521.732666015625,381351,0.0,0.0
2021-02-15 00:00:00+05:30,2538.339761588706,2558.6155831913547,2492.57442997419,2505.60888671875,115606,0.0,0.0
2021-02-16 00:00:00+05:30,2511.3050085023933,2561.511798368647,2492.043027611464,2531.629150390625,341414,0.0,0.0
2021-02-17 00:00:00+05:30,2510.3397252408163,2525.7879697038366,2452.4088085044896,2497.594970703125,203604,0.0,0.0
2021-02-18 00:00:00+05:30,2510.243135989164,2574.1604374724016,2484.898359345912,2525.594970703125,339308,0.0,0.0
2021-02-19 00:00:00+05:30,2525.6914022181495,2553.691346175753,2456.3675916175666,2481.61572265625,209259,0.0,0.0
2021-02-22 00:00:00+05:30,2482.3398610404124,2497.3536712493506,2366.1883221484786,2385.788330078125,151596,0.0,0.0
2021-02-23 00:00:00+05:30,2397.56731280969,2437.925895571769,2365.5122551092413,2380.3330078125,179812,0.0,0.0
2021-02-24 00:00:00+05:30,2393.512521875135,2427.2572357794543,2220.6852764472815,2412.291748046875,143008,0.0,0.0
2021-02-25 00:00:00+05:30,2434.064175938786,2472.68478959906,2420.5469611576896,2430.10546875,132411,0.0,0.0
2021-02-26 00:00:00+05:30,2425.374402061728,2500.6845944824345,2365.9952118838632,2454.38818359375,248948,0.0,0.0
2021-03-01 00:00:00+05:30,2467.3742415939314,2480.4086975757427,2390.6641014971287,2417.84326171875,122858,0.0,0.0
2021-03-02 00:00:00+05:30,2445.891370328745,2528.684298387835,2434.112132081544,2511.5947265625,286315,0.0,0.0
2021-03-03 00:00:00+05:30,2527.7186743863986,2604.959886743508,2512.270431914977,2582.318603515625,326166,0.0,0.0
2021-03-04 00:00:00+05:30,2529.6497660583445,2601.918671411618,2529.6497660583445,2544.66357421875,165983,0.0,0.0
2021-03-05 00:00:00+05:30,2539.305318321845,2563.5398473974774,2475.5813065312586,2496.484619140625,147042,0.0,0.0
2021-03-08 00:00:00+05:30,2528.636050588918,2541.0430155149343,2463.9948534394193,2474.76025390625,136788,0.0,0.0
2021-03-09 00:00:00+05:30,2493.9254777487304,2540.27020207391,2409.056795616828,2493.732421875,188462,0.0,0.0
2021-03-10 00:00:00+05:30,2529.6497751834536,2661.9253550308326,2529.6497751834536,2639.718505859375,1193338,0.0,0.0
2021-03-12 00:00:00+05:30,2647.442907903892,2697.6013797477776,2617.511934109209,2628.229248046875,476338,0.0,0.0
2021-03-15 00:00:00+05:30,2645.5114121531815,2742.062923545633,2632.9597156721625,2727.96630859375,757455,0.0,0.0
2021-03-16 00:00:00+05:30,2742.063207020367,2911.269748228226,2727.5804788142736,2890.318115234375,1308579,0.0,0.0
2021-03-17 00:00:00+05:30,2877.235340367808,2927.4421315420113,2828.9595796233816,2847.83544921875,784046,0.0,0.0
2021-03-18 00:00:00+05:30,2852.0353154971767,2886.8421863398994,2742.884008398725,2775.27685546875,468053,0.0,0.0
2021-03-19 00:00:00+05:30,2782.6149649500717,2896.5457650417125,2717.9737657711903,2864.4423828125,481531,0.0,0.0
2021-03-22 00:00:00+05:30,2873.0353936103006,2908.9044270081304,2795.3597379664816,2820.463134765625,325777,0.0,0.0
2021-03-23 00:00:00+05:30,2831.56649264073,2862.02854555794,2754.8080311844237,2767.69775390625,238913,0.0,0.0
2021-03-24 00:00:00+05:30,2749.7876135035995,2794.7807214120317,2717.008415746762,2728.208251953125,288497,0.0,0.0
2021-03-25 00:00:00+05:30,2740.1320174903863,2741.5319673247245,2631.0288046727633,2656.518310546875,298289,0.0,0.0
2021-03-26 00:00:00+05:30,2675.442702591835,2745.9253143887327,2655.1668827598505,2699.62890625,249711,0.0,0.0
2021-03-30 00:00:00+05:30,2734.338899606337,2884.959262720245,2680.5597529977804,2858.021484375,706354,0.0,0.0
2021-03-31 00:00:00+05:30,2829.9255210723154,2844.4082514769843,2775.8566608948845,2826.01513671875,337479,0.0,0.0
2021-04-01 00:00:00+05:30,2834.7531269633637,2964.9046460132076,2788.553122209768,2832.291015625,832101,0.0,0.0
2021-04-05 00:00:00+05:30,2818.3390980191693,2954.3801064749673,2785.511578549265,2931.8837890625,766853,0.0,0.0
2021-04-06 00:00:00+05:30,2944.821087687023,2964.0830670015357,2882.352307167922,2895.531494140625,511609,0.0,0.0
2021-04-07 00:00:00+05:30,2895.483142893728,3031.427716296071,2887.0348857576632,3000.48291015625,998900,0.0,0.0
2021-04-08 00:00:00+05:30,3013.373157606317,3075.117811977212,2949.6491497876636,2972.773193359375,638091,0.0,0.0
2021-04-09 00:00:00+05:30,2991.5522026300487,3072.172721863429,2983.490292139601,3058.607421875,567715,0.0,0.0
2021-04-12 00:00:00+05:30,3045.041903085907,3085.2555171174245,2935.1662255255546,3010.76611328125,686244,0.0,0.0
2021-04-13 00:00:00+05:30,3031.717827662818,3041.3729799802154,2720.5322213287977,2790.82177734375,1192328,0.0,0.0
2021-04-15 00:00:00+05:30,2771.0285158778993,2966.062578667912,2771.0285158778993,2940.0419921875,1197238,0.0,0.0
2021-04-16 00:00:00+05:30,2939.9938094135246,3111.7588706896804,2930.386980234779,3062.56591796875,1118546,0.0,0.0
2021-04-19 00:00:00+05:30,2945.738490575987,3060.6831198719406,2945.738490575987,3004.34521484375,524015,0.0,0.0
2021-04-20 00:00:00+05:30,3021.0969896893166,3039.393455154357,2884.717970899411,2906.20068359375,494558,0.0,0.0
2021-04-22 00:00:00+05:30,2914.504260210769,2914.8903719999503,2766.152709152907,2779.669921875,531624,0.0,0.0
2021-04-23 00:00:00+05:30,2790.338930727431,2877.186975908024,2745.249417987655,2752.683837890625,655022,0.0,0.0
2021-04-26 00:00:00+05:30,2770.9323302387234,2800.911628151894,2703.249847552546,2711.263671875,381791,0.0,0.0
2021-04-27 00:00:00+05:30,2735.01459262163,2770.062838100904,2688.959569226566,2740.228515625,441989,0.0,0.0
2021-04-28 00:00:00+05:30,2741.821668259684,2796.131895864088,2727.5803196878624,2769.29052734375,298609,0.0,0.0
2021-04-29 00:00:00+05:30,2794.104375466572,2829.9250840915006,2733.27691715959,2746.60107421875,396597,0.0,0.0
2021-04-30 00:00:00+05:30,2745.7325542205567,2819.0633967001513,2723.3326456140444,2770.11181640625,473597,0.0,0.0
2021-05-03 00:00:00+05:30,2776.7735580139283,2814.4769759683704,2733.3736943281156,2802.6494140625,267322,0.0,0.0
2021-05-04 00:00:00+05:30,2819.304419790645,2845.2766847117655,2746.504667075057,2752.008056640625,291720,0.0,0.0
2021-05-05 00:00:00+05:30,2757.898050386114,2805.1602170412775,2737.5258172032086,2792.99462890625,256580,0.0,0.0
2021-05-06 00:00:00+05:30,2804.822134942846,3330.0624934312827,2724.539626642644,3279.034912109375,6409969,0.0,0.0
2021-05-07 00:00:00+05:30,3257.6482997139133,3422.5583437731884,3203.8691499720026,3264.16552734375,3382726,0.0,0.0
2021-05-10 00:00:00+05:30,3258.56517115626,3258.56517115626,3034.3242870097383,3110.986328125,2405760,0.0,0.0
2021-05-11 00:00:00+05:30,3113.7870037251014,3350.241618649602,3067.490589837276,3300.517578125,2264123,0.0,0.0
2021-05-12 00:00:00+05:30,3293.372656423523,3324.1244127194814,3221.0073325332473,3275.12451171875,814552,0.0,0.0
2021-05-14 00:00:00+05:30,3274.06230919396,3274.06230919396,3163.172785176392,3234.041748046875,394498,0.0,0.0
2021-05-17 00:00:00+05:30,3255.7176046675595,3368.6828952209717,3221.007376637544,3251.324462890625,704552,0.0,0.0
2021-05-18 00:00:00+05:30,3272.211438225453,3407.2774878310856,3265.475149801366,3324.7451171875,882274,13.0,0.0
2021-05-19 00:00:00+05:30,3294.5045906854216,3351.3031463615407,3151.587691293811,3176.982177734375,3480261,0.0,0.0
2021-05-20 00:00:00+05:30,3176.9824682608732,3256.122216039473,3164.624440201892,3221.03515625,1314899,0.0,0.0
2021-05-21 00:00:00+05:30,3247.0111613951954,3281.8073953065846,3213.3294784523646,3227.81982421875,867323,0.0,0.0
2021-05-24 00:00:00+05:30,3245.0719655413277,3271.096606872374,3161.4250512411495,3189.24267578125,639900,0.0,0.0
2021-05-25 00:00:00+05:30,3198.5479996256577,3270.757643859631,3194.186343262532,3239.06298828125,521689,0.0,0.0
2021-05-26 00:00:00+05:30,3242.164832006668,3397.2459599950284,3242.164832006668,3377.521484375,1358170,0.0,0.0
2021-05-27 00:00:00+05:30,3391.139748440999,3454.5293043881284,3354.356489039965,3388.42578125,1267263,0.0,0.0
2021-05-28 00:00:00+05:30,3402.092228038042,3474.786506414923,3392.399657587791,3434.126220703125,649978,0.0,0.0
2021-05-31 00:00:00+05:30,3448.616598353313,3468.970996488619,3403.158537171805,3420.895751953125,418257,0.0,0.0
2021-06-01 00:00:00+05:30,3431.169892507646,3487.386800350992,3398.118133069879,3478.27587890625,428643,0.0,0.0
2021-06-02 00:00:00+05:30,3477.6945411611823,3499.018197768079,3421.477628288454,3465.72412109375,370855,0.0,0.0
2021-06-03 00:00:00+05:30,3465.0938388430022,3547.044567029914,3450.5549835751294,3532.40869140625,518452,0.0,0.0
2021-06-04 00:00:00+05:30,3547.480469609678,3600.789602349714,3537.7879000205803,3580.5322265625,663470,0.0,0.0
2021-06-07 00:00:00+05:30,3580.5325420247855,3617.267289349975,3548.256235122392,3599.239013671875,336542,0.0,0.0
2021-06-08 00:00:00+05:30,3602.728366508307,3731.0579021275585,3602.728366508307,3706.535888671875,958609,0.0,0.0
2021-06-09 00:00:00+05:30,3721.9469360575567,3846.0118339261417,3714.1443697630375,3730.234130859375,1103959,0.0,0.0
2021-06-10 00:00:00+05:30,3759.5542458454324,3818.872729236519,3751.0247365851083,3777.09765625,394096,0.0,0.0
2021-06-11 00:00:00+05:30,3795.9981690848736,3886.4298980600333,3785.9179905433743,3856.625244140625,601470,0.0,0.0
2021-06-14 00:00:00+05:30,3890.5493448653046,3890.5493448653046,3753.981119196467,3788.292724609375,446759,0.0,0.0
2021-06-15 00:00:00+05:30,3804.7700019040135,3866.3663341483216,3804.7700019040135,3823.57373046875,280264,0.0,0.0
2021-06-16 00:00:00+05:30,3841.1169898523467,3902.2286911730043,3790.764135910984,3855.2197265625,451884,0.0,0.0
2021-06-17 00:00:00+05:30,3841.8440610148295,3892.1001329167425,3819.9872675559013,3856.2861328125,229866,0.0,0.0
2021-06-18 00:00:00+05:30,3886.7205300127184,3924.376258729313,3751.024551408783,3848.968017578125,412475,0.0,0.0
2021-06-21 00:00:00+05:30,3838.2090980361454,3904.894025020966,3758.9723405938958,3885.411865234375,299027,0.0,0.0
2021-06-22 00:00:00+05:30,3920.4024584037725,3920.4024584037725,3841.408008719637,3856.33447265625,279225,0.0,0.0
2021-06-23 00:00:00+05:30,3873.587175304479,3904.845714240251,3799.4875233558305,3814.850341796875,297161,0.0,0.0
2021-06-24 00:00:00+05:30,3842.135184914108,3964.2615808018923,3826.4332670555427,3947.638916015625,457117,0.0,0.0
2021-06-25 00:00:00+05:30,3974.6808982476355,4029.880277253931,3930.3373876471774,3971.724853515625,548604,0.0,0.0
2021-06-28 00:00:00+05:30,3983.6464277516243,4010.785624826331,3940.0298610244167,3995.7138671875,201561,0.0,0.0
2021-06-29 00:00:00+05:30,3995.13216371467,3995.13216371467,3908.04432535211,3936.443603515625,289428,0.0,0.0
2021-06-30 00:00:00+05:30,3944.875996429473,4045.6787245937644,3944.875996429473,4029.491943359375,390047,0.0,0.0
2021-07-01 00:00:00+05:30,4032.0116348077418,4075.8222354649597,3980.2534116287925,4064.67578125,284271,0.0,0.0
2021-07-02 00:00:00+05:30,4066.033587447358,4125.158271317272,3964.310100804735,4067.923828125,713841,0.0,0.0
2021-07-05 00:00:00+05:30,4071.848591388743,4147.450636170538,4051.5424682579355,4089.4892578125,414482,0.0,0.0
2021-07-06 00:00:00+05:30,4104.803737867203,4107.711509110085,4006.95704623623,4064.240234375,453052,0.0,0.0
2021-07-07 00:00:00+05:30,4061.1870225223265,4128.065758692742,3993.3873028502435,4114.54443359375,364907,0.0,0.0
2021-07-08 00:00:00+05:30,4087.35660815261,4381.186761485677,4085.4180942288954,4327.3447265625,862070,0.0,0.0
2021-07-09 00:00:00+05:30,4312.223707366804,4341.301412743519,4162.9581530996675,4222.61572265625,779102,0.0,0.0
2021-07-12 00:00:00+05:30,4225.961258403122,4274.278822949665,4180.406171443272,4253.3427734375,398500,0.0,0.0
2021-07-13 00:00:00+05:30,4264.731014433984,4283.8738411465,4167.805309560484,4187.52978515625,208757,0.0,0.0
2021-07-14 00:00:00+05:30,4206.043071392645,4418.649245723438,4205.606716373072,4395.29052734375,930414,0.0,0.0
2021-07-15 00:00:00+05:30,4404.691831566326,4468.275191417077,4350.946809809476,4448.50244140625,527612,0.0,0.0
2021-07-16 00:00:00+05:30,4435.125945825783,4441.135528472184,4362.141083781987,4407.9384765625,284143,0.0,0.0
2021-07-19 00:00:00+05:30,4400.378577804281,4519.645464280027,4366.502855797024,4404.740234375,348508,0.0,0.0
2021-07-20 00:00:00+05:30,4426.596617071921,4437.937113018799,4336.8920730954915,4401.6865234375,310084,0.0,0.0
2021-07-22 00:00:00+05:30,4418.697294570779,4545.815253322588,4414.965560529721,4519.83935546875,316756,0.0,0.0
2021-07-23 00:00:00+05:30,4534.183576537506,4620.73802454992,4527.689366288355,4544.3125,370756,0.0,0.0
2021-07-26 00:00:00+05:30,4541.938683079781,4613.566686735543,4536.123140591843,4572.5185546875,257317,0.0,0.0
2021-07-27 00:00:00+05:30,4599.12452267907,4612.69412084925,4540.969101949724,4578.1884765625,183614,0.0,0.0
2021-07-28 00:00:00+05:30,4579.73934278692,4700.799447903092,4423.301357033345,4597.1376953125,981330,0.0,0.0
2021-07-29 00:00:00+05:30,4676.665198642589,5041.105844174114,4676.665198642589,5012.56103515625,1557599,0.0,0.0
2021-07-30 00:00:00+05:30,5028.504716799463,5069.213505948572,4880.256687006806,4927.60498046875,504421,0.0,0.0
2021-08-02 00:00:00+05:30,4957.362033596109,5028.505403986945,4933.5664898677305,4984.0166015625,207068,0.0,0.0
2021-08-03 00:00:00+05:30,5028.069207596886,5053.22161728826,4781.877917524724,4811.9736328125,498197,0.0,0.0
2021-08-04 00:00:00+05:30,4710.686691478897,4723.190013853139,4499.533930188741,4578.57666015625,7451757,0.0,0.0
2021-08-05 00:00:00+05:30,4617.539711288927,4695.080260596886,4594.27754649654,4621.9013671875,801906,0.0,0.0
2021-08-06 00:00:00+05:30,4633.049107047739,4691.204535169677,4615.6024786111575,4642.40234375,403102,0.0,0.0
2021-08-09 00:00:00+05:30,4645.658281873866,4698.237898343938,4615.675225038432,4664.70751953125,300321,13.0,0.0
2021-08-10 00:00:00+05:30,4688.421329568906,4768.942922646938,4626.220051564675,4676.126953125,478452,0.0,0.0
2021-08-11 00:00:00+05:30,4694.251811068833,4727.296233755446,4533.062966081505,4558.9638671875,434881,0.0,0.0
2021-08-12 00:00:00+05:30,4597.062601158614,4720.444841133429,4587.392057660661,4710.87158203125,376225,0.0,0.0
2021-08-13 00:00:00+05:30,4713.690481385448,4744.596550800991,4655.328379784515,4676.22412109375,335581,0.0,0.0
2021-08-16 00:00:00+05:30,4703.971375093907,4713.690324216002,4619.513802134516,4650.46875,254097,0.0,0.0
2021-08-17 00:00:00+05:30,4661.11040881067,4808.93571017282,4652.412234651786,4732.3505859375,553891,0.0,0.0
2021-08-18 00:00:00+05:30,4770.885976819149,4912.9283096942545,4735.362936452424,4836.0029296875,758653,0.0,0.0
2021-08-20 00:00:00+05:30,4808.936436764063,4883.772351402469,4670.781658093224,4768.79736328125,444577,0.0,0.0
2021-08-23 00:00:00+05:30,4798.147297927855,4925.562799917025,4763.888006551163,4847.66552734375,466364,0.0,0.0
2021-08-24 00:00:00+05:30,4871.866699999506,4907.9725046250605,4680.208814651869,4803.78564453125,314094,0.0,0.0
2021-08-25 00:00:00+05:30,4830.317975704516,5102.25399706883,4822.542815985072,4858.5029296875,1420879,0.0,0.0
2021-08-26 00:00:00+05:30,4859.474253144654,4980.96110947327,4776.863190841194,4829.1025390625,510288,0.0,0.0
2021-08-27 00:00:00+05:30,4854.71244722505,4984.411540563965,4808.207180032961,4934.310546875,481320,0.0,0.0
2021-08-30 00:00:00+05:30,4981.835389250925,5009.485985739184,4938.780640049095,4977.5107421875,252971,0.0,0.0
2021-08-31 00:00:00+05:30,5001.905853376121,5186.614776618331,4977.560074272184,5062.35791015625,650782,0.0,0.0
2021-09-01 00:00:00+05:30,5054.922789154968,5098.852155028613,4998.698572834041,5022.3154296875,199398,0.0,0.0
2021-09-02 00:00:00+05:30,5038.303023188755,5053.7560567626215,4894.705555658636,5012.9853515625,381235,0.0,0.0
2021-09-03 00:00:00+05:30,5039.275302900604,5163.629451259252,4986.59840692169,5095.88818359375,620969,0.0,0.0
2021-09-06 00:00:00+05:30,5119.9415401320775,5152.985961613567,5094.672276646232,5132.576171875,312573,0.0,0.0
2021-09-07 00:00:00+05:30,5148.126773543565,5163.3857117799525,5014.977185479478,5033.9775390625,227328,0.0,0.0
2021-09-08 00:00:00+05:30,5053.805096255395,5067.8486928844095,4939.218307418792,4991.74951171875,306059,0.0,0.0
2021-09-09 00:00:00+05:30,5010.555589832075,5037.914335469837,4940.141616783216,4971.19384765625,224361,0.0,0.0
2021-09-13 00:00:00+05:30,4976.101956227496,5079.122817040019,4956.664057960983,5032.326171875,387892,0.0,0.0
2021-09-14 00:00:00+05:30,5058.712881338491,5189.578432819239,5024.696560330452,5146.7177734375,396367,0.0,0.0
2021-09-15 00:00:00+05:30,5169.50889660783,5255.861852106695,5117.366830905978,5218.39501953125,445246,0.0,0.0
2021-09-16 00:00:00+05:30,5273.11315438089,5363.79076027583,5228.891935675889,5311.84326171875,658167,0.0,0.0
2021-09-17 00:00:00+05:30,5330.843935464049,5369.719734446467,5253.0923374992135,5291.6767578125,300369,0.0,0.0
2021-09-20 00:00:00+05:30,5290.995521407803,5388.816642372334,5176.311930017993,5200.26904296875,313150,0.0,0.0
2021-09-21 00:00:00+05:30,5221.019859271897,5401.549352730526,5165.57344020246,5376.037109375,395641,0.0,0.0
2021-09-22 00:00:00+05:30,5413.455352345188,5490.235060215075,5345.762957976589,5404.07666015625,348470,0.0,0.0
2021-09-23 00:00:00+05:30,5462.535781161892,5515.163799861147,5402.035318146623,5493.87939453125,220233,0.0,0.0
2021-09-24 00:00:00+05:30,5549.957013758965,5669.01413026154,5423.416117253019,5490.23388671875,468197,0.0,0.0
2021-09-27 00:00:00+05:30,5530.08201801152,5535.038776946305,5152.355157510095,5262.908203125,622421,0.0,0.0
2021-09-28 00:00:00+05:30,5306.545611339421,5306.934274348064,5005.25822314982,5068.23681640625,522354,0.0,0.0
2021-09-29 00:00:00+05:30,5029.556074050712,5150.945651341794,4860.446362575383,5112.84765625,580822,0.0,0.0
2021-09-30 00:00:00+05:30,5151.043097648241,5172.230217170058,5057.7895898591,5093.99267578125,355976,0.0,0.0
2021-10-01 00:00:00+05:30,5062.600549960342,5175.340358713538,5029.604528178747,5131.119140625,264231,0.0,0.0
2021-10-04 00:00:00+05:30,5149.683081892559,5217.132501814378,5103.420783723416,5187.92724609375,189050,0.0,0.0
2021-10-05 00:00:00+05:30,5170.48080699219,5259.263499971233,5095.693305496405,5231.126953125,256979,0.0,0.0
2021-10-06 00:00:00+05:30,5273.161265819925,5306.497544338551,5128.057552671658,5152.7919921875,306747,0.0,0.0
2021-10-07 00:00:00+05:30,5197.645739859298,5344.450280883018,5183.164125591059,5295.80712890625,232968,0.0,0.0
2021-10-08 00:00:00+05:30,5316.070944749905,5568.958207083276,5282.249189441118,5487.17333984375,568821,0.0,0.0
2021-10-11 00:00:00+05:30,5442.611204065609,5442.611204065609,5014.345829857304,5211.3486328125,500224,0.0,0.0
2021-10-12 00:00:00+05:30,5227.336357198356,5261.7902188376265,5068.431552066455,5131.021484375,379305,0.0,0.0
2021-10-13 00:00:00+05:30,5165.621746308527,5199.6380701318185,5136.464897317133,5187.78076171875,180526,0.0,0.0
2021-10-14 00:00:00+05:30,5267.670249103505,5627.271354669611,5267.670249103505,5446.59619140625,814033,0.0,0.0
2021-10-18 00:00:00+05:30,5503.646713053586,5531.977831419224,5356.696476541892,5447.32568359375,312740,0.0,0.0
2021-10-19 00:00:00+05:30,5491.2060682029305,5821.650327174434,5481.535524330398,5696.66455078125,930411,0.0,0.0
2021-10-20 00:00:00+05:30,5699.872614675246,5860.5266632321545,5520.363424072742,5656.8173828125,550669,0.0,0.0
2021-10-21 00:00:00+05:30,5675.866047774121,5684.904480253011,5252.022599534723,5295.32080078125,566651,0.0,0.0
2021-10-22 00:00:00+05:30,5354.75224781805,5408.595130485757,5185.447966039639,5245.802734375,417767,0.0,0.0
2021-10-25 00:00:00+05:30,5160.76195399582,5194.778275726489,4593.758560402504,4926.82666015625,1152746,0.0,0.0
2021-10-26 00:00:00+05:30,4974.157756484778,5061.579886557266,4822.590567418934,4945.04931640625,489882,0.0,0.0
2021-10-27 00:00:00+05:30,4969.734999366044,4999.814854723651,4843.096838895045,4901.119140625,426492,0.0,0.0
2021-10-28 00:00:00+05:30,4921.6758074430045,4984.120055197391,4810.977072483416,4891.7900390625,444979,0.0,0.0
2021-10-29 00:00:00+05:30,4836.148740581404,4891.546746653176,4698.236957219598,4733.5654296875,450428,0.0,0.0
2021-11-01 00:00:00+05:30,4791.441477127057,4956.61519211005,4752.56568420919,4934.74755859375,479337,0.0,0.0
2021-11-02 00:00:00+05:30,4977.073808258774,5005.93927675907,4878.37807048413,4901.751953125,275032,0.0,0.0
2021-11-03 00:00:00+05:30,4925.429883373325,4962.652402723825,4880.802255103797,4935.271484375,194311,13.0,0.0
2021-11-04 00:00:00+05:30,4954.857568297061,4977.512521780425,4935.661567935002,4951.349609375,21617,0.0,0.0
2021-11-08 00:00:00+05:30,4969.473051577262,5152.661469949129,4896.392565524655,5117.24169921875,406781,0.0,0.0
2021-11-09 00:00:00+05:30,5135.122037873629,5275.388037931586,5077.729592607217,5244.20703125,377416,0.0,0.0
2021-11-10 00:00:00+05:30,5237.435123748108,5237.435123748108,5152.564219423134,5217.11865234375,235038,0.0,0.0
2021-11-11 00:00:00+05:30,5198.556289295223,5266.521143663679,5123.088314453323,5238.6044921875,206501,0.0,0.0
2021-11-12 00:00:00+05:30,5292.001267836956,5330.003118222822,5232.4164104016345,5279.333984375,244516,0.0,0.0
2021-11-15 00:00:00+05:30,5271.88030982579,5377.213747780407,5258.043547192615,5355.533203125,249902,0.0,0.0
2021-11-16 00:00:00+05:30,5456.676074299821,5723.663439363777,5429.392693928322,5575.31005859375,1651697,0.0,0.0
2021-11-17 00:00:00+05:30,5607.758604004021,5785.587811389361,5536.578391032887,5689.9013671875,689317,0.0,0.0
2021-11-18 00:00:00+05:30,5700.277689636942,5707.683273758136,5367.030686242782,5429.490234375,598738,0.0,0.0
2021-11-22 00:00:00+05:30,5464.5693758369525,5464.5693758369525,5182.916881849933,5289.322265625,260848,0.0,0.0
2021-11-23 00:00:00+05:30,5227.691187408843,5363.7669681739735,5108.131312342953,5316.2646484375,293075,0.0,0.0
2021-11-24 00:00:00+05:30,5342.866299472245,5356.995194749236,5185.791769941154,5240.06640625,321185,0.0,0.0
2021-11-25 00:00:00+05:30,5259.846256885921,5393.339946621632,5214.0491516481225,5361.9638671875,208206,0.0,0.0
2021-11-26 00:00:00+05:30,5348.517502496026,5388.468170669161,5068.862825284083,5132.83251953125,439900,0.0,0.0
2021-11-29 00:00:00+05:30,5066.914315277974,5221.991030366559,4904.285949046428,5157.29052734375,249375,0.0,0.0
2021-11-30 00:00:00+05:30,5211.126428217686,5330.004031853168,5150.81075562838,5292.5869140625,373233,0.0,0.0
2021-12-01 00:00:00+05:30,5261.162296037426,5314.705652475196,5172.247695052058,5240.943359375,347425,0.0,0.0
2021-12-02 00:00:00+05:30,5280.114391710902,5298.823189091734,5176.145491032991,5275.58349609375,455418,0.0,0.0
2021-12-03 00:00:00+05:30,5297.750464767375,5339.211745717942,5195.535320773996,5213.220703125,209372,0.0,0.0
2021-12-06 00:00:00+05:30,5193.586888673114,5232.5631505018055,4970.545325515317,4994.0771484375,249883,0.0,0.0
2021-12-07 00:00:00+05:30,5065.647295612652,5154.610419341581,4873.006938965454,5075.1962890625,489238,0.0,0.0
2021-12-08 00:00:00+05:30,5164.35481468935,5205.767093863746,5089.325508891033,5118.02197265625,244702,0.0,0.0
2021-12-09 00:00:00+05:30,5158.459836894604,5164.84200959617,5079.094231680037,5135.3662109375,129050,0.0,0.0
2021-12-10 00:00:00+05:30,5105.890382154354,5202.113030100487,5086.402250924756,5179.31201171875,173159,0.0,0.0
2021-12-13 00:00:00+05:30,5213.074684127795,5444.009020602241,5190.224661787338,5336.28857421875,401546,0.0,0.0
2021-12-14 00:00:00+05:30,5202.160961801762,5355.581447575286,5202.160961801762,5300.2353515625,233815,0.0,0.0
2021-12-15 00:00:00+05:30,5303.694576703117,5333.901178187187,5164.354447276597,5176.82666015625,218216,0.0,0.0
2021-12-16 00:00:00+05:30,5237.434588950138,5315.387103762419,5179.798543467687,5218.28759765625,296945,0.0,0.0
2021-12-17 00:00:00+05:30,5288.104623983749,5357.774695959949,5209.177689297424,5254.92626953125,360707,0.0,0.0
2021-12-20 00:00:00+05:30,5208.20246462848,5208.20246462848,4930.496626944829,5049.32568359375,322070,0.0,0.0
2021-12-21 00:00:00+05:30,5110.761685378732,5291.026873518877,5078.995940852294,5258.77392578125,330003,0.0,0.0
2021-12-22 00:00:00+05:30,5290.052827797868,5383.595850724483,5261.7950396221195,5334.09619140625,343462,0.0,0.0
2021-12-23 00:00:00+05:30,5359.2360920172305,5427.444551370177,5296.1432671157545,5315.875,204428,0.0,0.0
2021-12-24 00:00:00+05:30,5328.054687222289,5523.666790086202,5321.574979220793,5501.109375,517808,0.0,0.0
2021-12-27 00:00:00+05:30,5512.2176043204,5529.415783994035,5407.371369120227,5474.36181640625,294655,0.0,0.0
2021-12-28 00:00:00+05:30,5512.217710043293,5586.224075905554,5479.964758919916,5510.951171875,271227,0.0,0.0
2021-12-29 00:00:00+05:30,5490.780305249462,5549.244691818223,5461.548111965082,5504.51953125,160761,0.0,0.0
2021-12-30 00:00:00+05:30,5495.751053210943,5758.743313434052,5484.935044216629,5710.65625,544368,0.0,0.0
2021-12-31 00:00:00+05:30,5739.254565676432,5771.848655009205,5671.6308464262,5739.595703125,276520,0.0,0.0
2022-01-03 00:00:00+05:30,5768.486754405763,5851.311310845711,5758.7426889422395,5820.2763671875,313011,0.0,0.0
2022-01-04 00:00:00+05:30,5870.799410805896,5977.984130339281,5836.841247687748,5949.1416015625,669217,0.0,0.0
2022-01-05 00:00:00+05:30,5951.38266541097,5951.38266541097,5740.1800602605335,5787.4873046875,696187,0.0,0.0
2022-01-06 00:00:00+05:30,5700.278562722714,5831.238713519655,5609.317612210237,5779.3515625,343998,0.0,0.0
2022-01-07 00:00:00+05:30,5822.078858920637,5822.078858920637,5564.591940348289,5608.87890625,251810,0.0,0.0
2022-01-10 00:00:00+05:30,5664.71231050123,5664.71231050123,5417.700257398613,5437.72412109375,380344,0.0,0.0
2022-01-11 00:00:00+05:30,5472.949643232022,5737.208422983169,5471.244431712339,5619.548828125,768310,0.0,0.0
2022-01-12 00:00:00+05:30,5651.557306183343,5689.315555427241,5585.297668800504,5640.20556640625,246096,0.0,0.0
2022-01-13 00:00:00+05:30,5671.045904057228,5714.699125513519,5540.134293915791,5580.0849609375,209226,0.0,0.0
2022-01-14 00:00:00+05:30,5505.396295326669,5563.860680763767,5481.036134727879,5542.95947265625,183286,0.0,0.0
2022-01-17 00:00:00+05:30,5564.543571430652,5573.605361862562,5469.63599460635,5483.9599609375,170630,0.0,0.0
2022-01-18 00:00:00+05:30,5529.756520479526,5529.756520479526,5243.963303311936,5271.73388671875,278602,0.0,0.0
2022-01-19 00:00:00+05:30,5281.2827714747145,5319.430687480796,5146.0353513307755,5269.83349609375,338798,0.0,0.0
2022-01-20 00:00:00+05:30,5259.846187524599,5300.771259750615,5088.837850008748,5174.9267578125,292397,0.0,0.0
2022-01-21 00:00:00+05:30,5115.634562802215,5247.179451559987,5022.822335734232,5067.25537109375,249713,0.0,0.0
2022-01-24 00:00:00+05:30,5066.913862655237,5066.913862655237,4678.125664347653,4701.462890625,388087,0.0,0.0
2022-01-25 00:00:00+05:30,4565.09421955006,4753.398266066186,4532.354067663857,4659.2705078125,263837,0.0,0.0
2022-01-27 00:00:00+05:30,4652.791074243208,4652.791074243208,4259.130845134463,4288.16796875,543551,0.0,0.0
2022-01-28 00:00:00+05:30,4483.730698788406,4701.510512149094,4443.292836352304,4592.62060546875,1344133,0.0,0.0
2022-01-31 00:00:00+05:30,4683.972509466377,4784.336388907825,4641.196155036091,4690.30615234375,466619,0.0,0.0
2022-02-01 00:00:00+05:30,4798.952191364589,4821.948280778575,4594.375348750916,4668.2841796875,425010,0.0,0.0
2022-02-02 00:00:00+05:30,4685.920568944672,4738.440980892413,4634.666695054898,4699.3671875,413069,0.0,0.0
2022-02-03 00:00:00+05:30,4705.4094222365275,4718.076707904176,4540.783238572801,4558.76123046875,347569,0.0,0.0
2022-02-04 00:00:00+05:30,4555.350855617949,4617.712878026408,4470.577481406449,4574.9365234375,411521,0.0,0.0
2022-02-07 00:00:00+05:30,4582.655204596846,4650.075931487503,4507.417581834808,4552.21826171875,327157,13.0,0.0
2022-02-08 00:00:00+05:30,4569.952523829211,4609.037001262002,4440.973748300997,4476.54052734375,276669,0.0,0.0
2022-02-09 00:00:00+05:30,4519.143627959151,4665.710448325393,4504.535610687101,4654.7666015625,322221,0.0,0.0
2022-02-10 00:00:00+05:30,4680.36592058862,4708.848636563186,4605.616861522852,4621.29931640625,188286,0.0,0.0
2022-02-11 00:00:00+05:30,4538.685637988315,4552.511678579599,4421.432187706593,4437.65234375,355001,0.0,0.0
2022-02-14 00:00:00+05:30,4269.9792960453615,4409.901920570311,4201.581458351271,4255.56689453125,257780,0.0,0.0
2022-02-15 00:00:00+05:30,4289.5217046353655,4424.36316140978,4232.360652307081,4401.30322265625,351084,0.0,0.0
2022-02-16 00:00:00+05:30,4467.356004084495,4485.481240599215,4328.70390856517,4359.77587890625,263626,0.0,0.0
2022-02-17 00:00:00+05:30,4370.621468108124,4390.163705837201,4264.116272484653,4288.1533203125,223742,0.0,0.0
2022-02-18 00:00:00+05:30,4235.878071077831,4318.786114697225,4206.515570985939,4221.5634765625,217360,0.0,0.0
2022-02-21 00:00:00+05:30,4201.58208705191,4406.775630838167,4142.955360255837,4311.89794921875,479555,0.0,0.0
2022-02-22 00:00:00+05:30,4108.853664783364,4346.829095642967,4108.853664783364,4316.978515625,283211,0.0,0.0
2022-02-23 00:00:00+05:30,4353.034105125113,4391.239281019923,4289.521823007686,4335.10400390625,146695,0.0,0.0
2022-02-24 00:00:00+05:30,4203.779851270082,4220.537225649513,4092.6820326542042,4129.32373046875,358480,0.0,0.0
2022-02-25 00:00:00+05:30,4226.008867675333,4413.61434804381,4162.496595675589,4398.85986328125,332829,0.0,0.0
2022-02-28 00:00:00+05:30,4269.979372795171,4456.803375096953,4269.979372795171,4431.69140625,294206,0.0,0.0
2022-03-02 00:00:00+05:30,4397.003468710199,4445.663449588427,4377.461231071487,4389.62646484375,229823,0.0,0.0
2022-03-03 00:00:00+05:30,4445.859712235097,4586.221759157423,4390.212991588115,4571.32080078125,630484,0.0,0.0
2022-03-04 00:00:00+05:30,4539.662643849455,4618.857385698602,4450.501168117371,4555.736328125,326327,0.0,0.0
2022-03-07 00:00:00+05:30,4410.048409861236,4639.327638441913,4378.585213551946,4614.3134765625,493455,0.0,0.0
2022-03-08 00:00:00+05:30,4632.97632609316,4731.957576110043,4565.6534079388375,4702.693359375,460570,0.0,0.0
2022-03-09 00:00:00+05:30,4746.028846577506,4762.297666811104,4422.409144333774,4451.8203125,861200,0.0,0.0
2022-03-10 00:00:00+05:30,4250.193369834076,4250.437647859815,4130.643608616271,4162.49755859375,3662287,0.0,0.0
2022-03-11 00:00:00+05:30,4161.324969110429,4230.406987887425,4138.2655044121,4199.9208984375,771438,0.0,0.0
2022-03-14 00:00:00+05:30,4191.810893697944,4294.16338579931,4120.579517289076,4275.06103515625,721974,0.0,0.0
2022-03-15 00:00:00+05:30,4286.590185895239,4309.063761066334,3990.623067432658,4056.578125,993833,0.0,0.0
2022-03-16 00:00:00+05:30,4104.847378627526,4260.110374961711,4104.847378627526,4250.876953125,860347,0.0,0.0
2022-03-17 00:00:00+05:30,4323.720257631591,4333.491376857877,4265.093542273875,4310.08935546875,961418,0.0,0.0
2022-03-21 00:00:00+05:30,4342.28640863676,4382.348006916262,4293.38213621339,4332.41748046875,285651,0.0,0.0
2022-03-22 00:00:00+05:30,4323.7206099654195,4377.461770089283,4287.567465882093,4355.67236328125,217962,0.0,0.0
2022-03-23 00:00:00+05:30,4383.226161260865,4394.0721987335255,4305.936514823588,4333.93115234375,165563,0.0,0.0
2022-03-24 00:00:00+05:30,4328.557546588307,4396.026940146453,4300.36776963282,4376.43603515625,315979,0.0,0.0
2022-03-25 00:00:00+05:30,4387.232779144587,4421.4316983584085,4301.246925121263,4321.81494140625,307230,0.0,0.0
2022-03-28 00:00:00+05:30,4328.60551581712,4338.572247576059,4216.2376525397,4238.369140625,230886,0.0,0.0
2022-03-29 00:00:00+05:30,4255.322763867045,4320.789267926538,4243.255335234985,4307.06103515625,198123,0.0,0.0
2022-03-30 00:00:00+05:30,4324.697575865294,4428.271444604951,4297.9734680854335,4418.45166015625,327496,0.0,0.0
2022-03-31 00:00:00+05:30,4461.394903406826,4461.394903406826,4338.376616832586,4355.47607421875,246086,0.0,0.0
2022-04-01 00:00:00+05:30,4387.23260108567,4395.049496588717,4251.462706474929,4313.802734375,330097,0.0,0.0
2022-04-04 00:00:00+05:30,4357.919306752331,4440.973822688195,4313.802797532195,4408.33837890625,319208,0.0,0.0
2022-04-05 00:00:00+05:30,4435.990571685546,4499.600656848403,4408.338493561646,4453.28564453125,359073,0.0,0.0
2022-04-06 00:00:00+05:30,4441.951171984376,4449.768068019544,4348.148419562356,4362.072265625,244539,0.0,0.0
2022-04-07 00:00:00+05:30,4359.874116960335,4391.043897005624,4279.897397497727,4288.69140625,358080,0.0,0.0
2022-04-08 00:00:00+05:30,4328.50823336884,4332.074596648867,4261.966812592641,4273.05712890625,186265,0.0,0.0
2022-04-11 00:00:00+05:30,4278.7736621604945,4292.062481446717,4196.696250052369,4213.60009765625,255565,0.0,0.0
2022-04-12 00:00:00+05:30,4074.55692106954,4195.718805532998,4011.1911142980025,4052.18115234375,405695,0.0,0.0
2022-04-13 00:00:00+05:30,4098.203305008327,4141.977731379113,4055.0147641479875,4065.5673828125,230465,0.0,0.0
2022-04-18 00:00:00+05:30,3978.800186210628,4025.5550922678194,3903.5625598996708,3978.555908203125,412152,0.0,0.0
2022-04-19 00:00:00+05:30,4025.701277917601,4071.9676246759236,3886.0231708518545,3935.123046875,329391,0.0,0.0
2022-04-20 00:00:00+05:30,3976.8456843237213,3976.8456843237213,3845.0820408606037,3890.566650390625,359189,0.0,0.0
2022-04-21 00:00:00+05:30,3937.7614475232613,4012.9012665722744,3899.654078676262,3999.368408203125,291958,0.0,0.0
2022-04-22 00:00:00+05:30,3986.6164973966215,4055.0629942119645,3910.40177024051,4034.7392578125,278857,0.0,0.0
2022-04-25 00:00:00+05:30,4015.881385381703,4015.881385381703,3901.607953818498,3909.864501953125,215631,0.0,0.0
2022-04-26 00:00:00+05:30,3942.646714450678,3967.0745131771378,3910.4020201317503,3950.317138671875,110847,0.0,0.0
2022-04-27 00:00:00+05:30,3910.451133402185,3957.303606164624,3870.487109408289,3940.643798828125,156425,0.0,0.0
2022-04-28 00:00:00+05:30,3991.502451734728,4045.292275572592,3929.7001187917117,4007.28271484375,187304,0.0,0.0
2022-04-29 00:00:00+05:30,4059.8997827252,4152.725409526378,4020.8639730334917,4104.0654296875,328848,0.0,0.0
2022-05-02 00:00:00+05:30,4079.442463455559,4079.442463455559,3967.7585178832246,4022.330078125,130130,0.0,0.0
2022-05-04 00:00:00+05:30,4035.1792771379983,4089.2133753415587,3937.46784682085,3965.559814453125,138530,0.0,0.0
2022-05-05 00:00:00+05:30,4015.6858909798248,4120.383342421314,3965.5599995543907,4076.120361328125,252269,0.0,0.0
2022-05-06 00:00:00+05:30,3957.303423782601,3963.8011228721666,3508.5647577647837,3816.012939453125,1894205,0.0,0.0
2022-05-09 00:00:00+05:30,3775.219029677589,3838.9755935259423,3680.7812416359584,3769.2587890625,482319,0.0,0.0
2022-05-10 00:00:00+05:30,3761.881234849925,3814.7917547189923,3551.2646935882344,3565.77490234375,341964,0.0,0.0
2022-05-11 00:00:00+05:30,3605.543088890513,3681.4646395557934,3512.717453810676,3636.419921875,343644,0.0,0.0
2022-05-12 00:00:00+05:30,3591.0815739568043,3649.4151061367556,3470.9457146734408,3570.26904296875,514608,0.0,0.0
2022-05-13 00:00:00+05:30,3669.0555287929733,3712.0484564272983,3575.3992489684697,3657.574462890625,459879,0.0,0.0
2022-05-16 00:00:00+05:30,3664.8050312523037,3789.240340004915,3658.3562351771284,3708.823974609375,331975,0.0,0.0
2022-05-17 00:00:00+05:30,3732.5678317110155,3873.565140708447,3723.529545731087,3850.456298828125,234291,0.0,0.0
2022-05-18 00:00:00+05:30,3857.491302286031,3978.5064677325486,3830.522918477731,3859.93408203125,286320,0.0,0.0
2022-05-19 00:00:00+05:30,3742.338513149772,3746.930891290877,3541.053465184014,3580.919677734375,478763,0.0,0.0
2022-05-20 00:00:00+05:30,3672.9639377547287,3713.0255289885527,3588.1505700662337,3700.274169921875,230550,0.0,0.0
2022-05-23 00:00:00+05:30,3743.464279733508,3815.039159885563,3694.8815563581447,3777.97705078125,197987,13.0,0.0
2022-05-24 00:00:00+05:30,3798.3220090952173,3798.3220090952173,3625.9539601838246,3641.543701171875,183500,0.0,0.0
2022-05-25 00:00:00+05:30,3641.5438735969606,3654.339157649526,3369.5103369895296,3386.521484375,393015,0.0,0.0
2022-05-26 00:00:00+05:30,3421.867788573249,3466.675579649011,3287.5423195089124,3409.955078125,419377,0.0,0.0
2022-05-27 00:00:00+05:30,3446.3796773283398,3626.7876035384147,3446.3796773283398,3599.775390625,483150,0.0,0.0
2022-05-30 00:00:00+05:30,3701.303812878673,3838.570709250332,3679.29213344254,3822.19677734375,470643,0.0,0.0
2022-05-31 00:00:00+05:30,3836.5608051823456,3872.88755787222,3756.3088357407437,3835.13916015625,455797,0.0,0.0
2022-06-01 00:00:00+05:30,3835.139009720124,3875.534648206081,3693.459964109857,3719.3935546875,325416,0.0,0.0
2022-06-02 00:00:00+05:30,3719.393376301487,3809.156164685242,3689.58694762233,3765.181640625,251059,0.0,0.0
2022-06-03 00:00:00+05:30,3862.102214153676,3931.7161408368215,3664.437785737377,3686.69482421875,624675,0.0,0.0
2022-06-06 00:00:00+05:30,3675.8601679040667,3675.8601679040667,3504.815871761382,3536.436279296875,595666,0.0,0.0
2022-06-07 00:00:00+05:30,3524.8177900314354,3568.890220504779,3463.5869975760197,3481.03955078125,288049,0.0,0.0
2022-06-08 00:00:00+05:30,3514.032764041732,3519.817487853279,3389.2178805467147,3430.201904296875,408376,0.0,0.0
2022-06-09 00:00:00+05:30,3406.9646405244503,3490.452237609958,3367.941572393005,3480.892578125,304889,0.0,0.0
2022-06-10 00:00:00+05:30,3429.7113145008893,3446.379436955582,3324.996238498869,3415.2001953125,345340,0.0,0.0
2022-06-13 00:00:00+05:30,3343.4296114157105,3343.4296114157105,3236.6065929669294,3246.8525390625,364406,0.0,0.0
2022-06-14 00:00:00+05:30,3199.299093626622,3289.503052135249,3157.236691332712,3170.669189453125,406521,0.0,0.0
2022-06-15 00:00:00+05:30,3235.478720595182,3235.478720595182,3155.2758249778717,3213.467041015625,303870,0.0,0.0
2022-06-16 00:00:00+05:30,3279.698196198563,3323.819696595853,3197.583181570273,3231.605712890625,475210,0.0,0.0
2022-06-17 00:00:00+05:30,3235.5767082701823,3402.159789106793,3211.113835274971,3309.89697265625,1396287,0.0,0.0
2022-06-20 00:00:00+05:30,3337.4976271089163,3380.687725537739,3273.276326058243,3303.916259765625,433191,0.0,0.0
2022-06-21 00:00:00+05:30,3333.624465835188,3554.231967250752,3330.4869848010585,3524.082275390625,588657,0.0,0.0
2022-06-22 00:00:00+05:30,3500.305783332089,3500.305783332089,3395.3946576131725,3434.662841796875,383004,0.0,0.0
2022-06-23 00:00:00+05:30,3434.6629533098494,3636.494173520619,3426.8191305715272,3607.031005859375,314327,0.0,0.0
2022-06-24 00:00:00+05:30,3662.3787254397926,3665.859469458329,3509.6202383593186,3576.145751953125,372701,0.0,0.0
2022-06-27 00:00:00+05:30,3646.397052268155,3753.2691358113734,3633.50386454461,3717.089599609375,449206,0.0,0.0
2022-06-28 00:00:00+05:30,3678.115622379987,3708.0201963499503,3637.5727681496096,3662.28076171875,309547,0.0,0.0
2022-06-29 00:00:00+05:30,3566.586200390035,3633.6507872764355,3566.586200390035,3590.7548828125,398973,0.0,0.0
2022-06-30 00:00:00+05:30,3603.256119398167,3626.346420772879,3461.0868303334773,3470.205322265625,273443,0.0,0.0
2022-07-01 00:00:00+05:30,3468.9308788873395,3468.9308788873395,3353.136340854729,3419.9560546875,536217,0.0,0.0
2022-07-04 00:00:00+05:30,3441.4773346893257,3465.84230558642,3340.4881137568473,3437.408447265625,199527,0.0,0.0
2022-07-05 00:00:00+05:30,3468.8324800886585,3514.424699986476,3421.86768695446,3473.391845703125,334389,0.0,0.0
2022-07-06 00:00:00+05:30,3481.5785830029754,3553.2516071418545,3456.18430330437,3537.760009765625,251148,0.0,0.0
2022-07-07 00:00:00+05:30,3556.1930292031952,3647.377465849431,3501.3844151839003,3538.985595703125,458481,0.0,0.0
2022-07-08 00:00:00+05:30,3608.1581291286075,3608.1581291286075,3508.1493983755863,3536.239990234375,380508,0.0,0.0
2022-07-11 00:00:00+05:30,3470.8914518130255,3490.402864507047,3377.746059744597,3434.466796875,358910,0.0,0.0
2022-07-12 00:00:00+05:30,3412.062884219454,3484.6182444011324,3386.5704603718377,3449.51708984375,204485,0.0,0.0
2022-07-13 00:00:00+05:30,3464.028083798049,3510.30658830223,3426.769927221676,3436.868896484375,318415,0.0,0.0
2022-07-14 00:00:00+05:30,3450.301711731381,3469.8621978573483,3283.620469618754,3350.5380859375,498159,0.0,0.0
2022-07-15 00:00:00+05:30,3374.8047740616157,3407.111471481703,3266.707090639102,3312.69140625,454998,0.0,0.0
2022-07-18 00:00:00+05:30,3353.233933919832,3415.9845104610217,3338.9188628965917,3374.461181640625,385666,0.0,0.0
2022-07-19 00:00:00+05:30,3367.9413766966077,3367.9413766966077,3298.376521899996,3344.998291015625,485003,0.0,0.0
2022-07-20 00:00:00+05:30,3372.843613146019,3485.5985595157263,3367.941224173423,3466.871337890625,481414,0.0,0.0
2022-07-21 00:00:00+05:30,3480.6961380907787,3657.182139458762,3451.8701869504584,3550.06494140625,780676,0.0,0.0
2022-07-22 00:00:00+05:30,3567.95844266523,3724.834878726356,3491.1869888929277,3653.701171875,1356800,0.0,0.0
2022-07-25 00:00:00+05:30,3617.9632074698593,3760.1324934002464,3613.10989006644,3715.520751953125,621916,0.0,0.0
2022-07-26 00:00:00+05:30,3694.3914651580385,3712.72635306884,3616.3944043552196,3630.170166015625,504318,0.0,0.0
2022-07-27 00:00:00+05:30,3645.3182209758597,3724.8350642138616,3605.7560864112656,3713.510498046875,378714,0.0,0.0
2022-07-28 00:00:00+05:30,3742.9250352546687,3788.664469538821,3713.0695332778832,3770.966796875,650203,0.0,0.0
2022-07-29 00:00:00+05:30,3843.473078314851,3887.545508723185,3815.4803885047813,3877.103515625,457600,0.0,0.0
2022-08-01 00:00:00+05:30,3882.6922847651313,3919.9504430532816,3823.814542016462,3867.0537109375,256505,0.0,0.0
2022-08-02 00:00:00+05:30,3843.3749314623424,3843.3749314623424,3728.757169439968,3745.376220703125,347086,0.0,0.0
2022-08-03 00:00:00+05:30,3767.0695398530083,3835.8388772669127,3757.5757155694623,3806.7177734375,342183,13.0,0.0
2022-08-04 00:00:00+05:30,3832.001983740314,3884.1447578451243,3758.2150392523745,3838.00341796875,294929,0.0,0.0
2022-08-05 00:00:00+05:30,3838.8889372061253,3914.446819785105,3831.9529160751536,3870.86328125,235333,0.0,0.0
2022-08-08 00:00:00+05:30,3875.3394731556823,3898.2626647452257,3807.4062464817616,3823.1474609375,150522,0.0,0.0
2022-08-10 00:00:00+05:30,3823.1477371909596,3842.824256682421,3748.376963123406,3760.822265625,182049,0.0,0.0
2022-08-11 00:00:00+05:30,3796.584505340382,3904.8053645234454,3783.7947674369293,3794.71533203125,365482,0.0,0.0
2022-08-12 00:00:00+05:30,3807.160715793919,3807.160715793919,3723.7814611486488,3731.16015625,166154,0.0,0.0
2022-08-16 00:00:00+05:30,3753.9848925125566,3797.5684331909256,3735.5873939963585,3764.708740234375,146873,0.0,0.0
2022-08-17 00:00:00+05:30,3781.8271016469885,3886.1126564790857,3751.131778829127,3831.70703125,374744,0.0,0.0
2022-08-18 00:00:00+05:30,3831.0183711966392,3856.597846710536,3741.7854027307712,3837.51171875,232795,0.0,0.0
2022-08-19 00:00:00+05:30,3857.5817549415965,3992.9563089321427,3828.0669748731834,3860.238037109375,971275,0.0,0.0
2022-08-22 00:00:00+05:30,3797.5681701189615,3797.5681701189615,3689.3473155300794,3702.03857421875,397821,0.0,0.0
2022-08-23 00:00:00+05:30,3600.802802696464,3674.58974537467,3554.612224618281,3640.205078125,358562,0.0,0.0
2022-08-24 00:00:00+05:30,3657.8650736607456,3674.491637009718,3614.5767295937544,3638.23779296875,185638,0.0,0.0
2022-08-25 00:00:00+05:30,3661.7510024448975,3689.1998909839153,3606.755227077378,3624.611572265625,211511,0.0,0.0
2022-08-26 00:00:00+05:30,3652.9458942359784,3684.428325858804,3592.194639463807,3602.623291015625,175186,0.0,0.0
2022-08-29 00:00:00+05:30,3375.5067568328577,3506.3556051740907,3375.5067568328577,3454.80322265625,334612,0.0,0.0
2022-08-30 00:00:00+05:30,3502.4204574114556,3525.983041382911,3480.136895240916,3502.764892578125,262068,0.0,0.0
2022-09-01 00:00:00+05:30,3492.5821507290398,3492.5821507290398,3403.2507057086355,3444.325439453125,187096,0.0,0.0
2022-09-02 00:00:00+05:30,3471.921957095856,3488.7944769341434,3405.0217890362023,3411.51513671875,166006,0.0,0.0
2022-09-05 00:00:00+05:30,3414.3679323986557,3467.9864462484543,3406.5958035320427,3418.942626953125,135099,0.0,0.0
2022-09-06 00:00:00+05:30,3451.2614716442135,3470.2493607324004,3382.3936543651103,3410.48193359375,184163,0.0,0.0
2022-09-07 00:00:00+05:30,3393.2158790441963,3465.9205244755176,3379.097879846451,3447.572265625,229288,0.0,0.0
2022-09-08 00:00:00+05:30,3482.7442441018916,3516.145090720928,3431.044136733692,3447.22802734375,251651,0.0,0.0
2022-09-09 00:00:00+05:30,3472.905794541424,3536.8544848091838,3434.8810155589676,3510.241943359375,316998,0.0,0.0
2022-09-12 00:00:00+05:30,3530.951391792888,3598.6879056252683,3524.163088704591,3559.43310546875,281977,0.0,0.0
2022-09-13 00:00:00+05:30,3590.96470172056,3600.31104820449,3537.1494705304112,3548.364990234375,121824,0.0,0.0
2022-09-14 00:00:00+05:30,3423.714052033816,3443.39056957424,3381.458778654128,3414.859619140625,439069,0.0,0.0
2022-09-15 00:00:00+05:30,3443.3910970099855,3457.2139007377914,3349.9276243768572,3363.5537109375,205880,0.0,0.0
2022-09-16 00:00:00+05:30,3349.927245157347,3354.8463747390756,3209.240139119902,3228.22802734375,344445,0.0,0.0
2022-09-19 00:00:00+05:30,3225.9655753376733,3246.625922114767,3158.1308181245954,3183.61181640625,225210,0.0,0.0
2022-09-20 00:00:00+05:30,3225.965302318683,3368.620065611214,3221.6365641989732,3284.35546875,596903,0.0,0.0
2022-09-21 00:00:00+05:30,3261.383021913107,3313.870232384751,3246.625632673681,3271.122802734375,204744,0.0,0.0
2022-09-22 00:00:00+05:30,3246.576316853233,3377.4744043615483,3222.3251038511858,3342.548583984375,346393,0.0,0.0
2022-09-23 00:00:00+05:30,3333.4484733994614,3399.1188594687933,3269.1063485184027,3282.584716796875,247536,0.0,0.0
2022-09-26 00:00:00+05:30,3266.3021227700006,3369.603846532305,3252.2333637811394,3329.512939453125,453863,0.0,0.0
2022-09-27 00:00:00+05:30,3378.4583811895263,3428.633505662638,3305.6552594050113,3406.25146484375,339860,0.0,0.0
2022-09-28 00:00:00+05:30,3400.1027836022745,3443.1944120578364,3370.5880024946155,3394.59326171875,311296,0.0,0.0
2022-09-29 00:00:00+05:30,3411.613299029082,3432.962274733059,3296.800855328621,3309.443115234375,284959,0.0,0.0
2022-09-30 00:00:00+05:30,3326.0204677334355,3338.9579235835363,3274.2221255709555,3307.57373046875,238515,0.0,0.0
2022-10-03 00:00:00+05:30,3315.493621181418,3331.7759895255986,3241.706671155125,3275.00927734375,314899,0.0,0.0
2022-10-04 00:00:00+05:30,3316.3298181227046,3433.5033453058145,3316.3298181227046,3423.222412109375,349319,0.0,0.0
2022-10-06 00:00:00+05:30,3440.3409812694817,3577.535706648403,3438.471807979954,3563.565185546875,346009,0.0,0.0
2022-10-07 00:00:00+05:30,3563.564993589442,3580.63446953884,3505.6177424328266,3544.23291015625,170174,0.0,0.0
2022-10-10 00:00:00+05:30,3472.905566994037,3594.8999835116747,3450.4742875314505,3579.2080078125,201583,0.0,0.0
2022-10-11 00:00:00+05:30,3597.113650252251,3663.767858745814,3522.0969211358793,3534.68994140625,401676,0.0,0.0
2022-10-12 00:00:00+05:30,3582.0613324140872,3582.0613324140872,3490.4672732251115,3561.155029296875,184984,0.0,0.0
2022-10-13 00:00:00+05:30,3561.4499154621326,3588.013215936574,3522.0968777222197,3575.125,136976,0.0,0.0
2022-10-14 00:00:00+05:30,3620.479596054917,3718.4687594596808,3605.771445734322,3681.476806640625,488896,0.0,0.0
2022-10-17 00:00:00+05:30,3667.7034500181594,3722.7977078510503,3624.464343918048,3702.23583984375,227894,0.0,0.0
2022-10-18 00:00:00+05:30,3720.780383439097,3781.7775903698084,3713.942841345723,3774.694091796875,300885,0.0,0.0
2022-10-19 00:00:00+05:30,3786.7463364018026,3800.76585713283,3743.457991688454,3750.689208984375,128446,0.0,0.0
2022-10-20 00:00:00+05:30,3743.4575394449757,3836.9209996939308,3676.5573784246712,3795.8955078125,322195,0.0,0.0
2022-10-21 00:00:00+05:30,3792.550782073424,3886.1127315087865,3727.6675048857264,3799.634521484375,575389,0.0,0.0
2022-10-24 00:00:00+05:30,3861.516828374489,3861.516828374489,3799.683271746568,3814.58837890625,23835,0.0,0.0
2022-10-25 00:00:00+05:30,3830.8216243207426,3866.2885987099803,3782.810868767192,3832.29736328125,180109,0.0,0.0
2022-10-27 00:00:00+05:30,3827.3781422910256,3865.9933108382884,3768.05338945265,3825.31201171875,142382,0.0,0.0
2022-10-28 00:00:00+05:30,3797.568179038288,3812.227089663004,3645.0259169688525,3676.065673828125,209662,0.0,0.0
2022-10-31 00:00:00+05:30,3694.462882512926,3765.101628467145,3687.871297180322,3747.983154296875,153364,0.0,0.0
2022-11-01 00:00:00+05:30,3785.7623758453087,3806.3734821140924,3750.3446405203526,3782.56494140625,158753,0.0,0.0
2022-11-02 00:00:00+05:30,3723.781325268132,3797.568273589165,3723.781325268132,3775.62890625,129764,0.0,0.0
2022-11-03 00:00:00+05:30,3731.502378543832,3779.7748922756477,3719.7551526443235,3745.717529296875,96877,13.0,0.0
2022-11-04 00:00:00+05:30,3745.717612853493,3761.7591247593077,3674.98698137671,3690.14013671875,98546,0.0,0.0
2022-11-07 00:00:00+05:30,3699.9128005779985,3743.249462964809,3652.5286451810553,3666.00341796875,107323,0.0,0.0
2022-11-09 00:00:00+05:30,3693.0027780215337,3724.493402981193,3616.645086087621,3633.5751953125,91007,0.0,0.0
2022-11-10 00:00:00+05:30,3600.1099915500013,3665.608814086663,3593.298615303428,3628.935546875,97718,0.0,0.0
2022-11-11 00:00:00+05:30,3706.823361859053,3864.770562364365,3706.823361859053,3847.64306640625,582176,0.0,0.0
2022-11-14 00:00:00+05:30,3878.590702855953,3988.1665664388015,3854.108840088038,3966.79443359375,443136,0.0,0.0
2022-11-15 00:00:00+05:30,3980.2694501676374,3985.1064867766736,3861.957028962087,3921.33544921875,247184,0.0,0.0
2022-11-16 00:00:00+05:30,3940.782509443432,3972.3719483968866,3869.70627179816,3893.842529296875,199348,0.0,0.0
2022-11-17 00:00:00+05:30,3884.5137728390814,3893.842480711967,3802.6774799747072,3816.20166015625,168856,0.0,0.0
2022-11-18 00:00:00+05:30,3830.2194038193306,3888.8572024126306,3710.0314624752573,3759.883544921875,237554,0.0,0.0
2022-11-21 00:00:00+05:30,3701.8874344067835,3750.2093568489145,3692.015734581699,3712.49951171875,172333,0.0,0.0
2022-11-22 00:00:00+05:30,3730.5151682822175,3770.989135442728,3707.6622807888034,3758.9951171875,113967,0.0,0.0
2022-11-23 00:00:00+05:30,3777.899495114415,3839.104033577204,3771.9764752631772,3824.64208984375,222260,0.0,0.0
2022-11-24 00:00:00+05:30,3843.7928918893413,3917.485030318655,3820.347606192424,3897.248046875,197124,0.0,0.0
2022-11-25 00:00:00+05:30,3912.9938689700657,3938.8082678560786,3874.6422183797263,3894.188232421875,158367,0.0,0.0
2022-11-28 00:00:00+05:30,3869.7061956406105,3938.8080919913355,3869.6567889415596,3928.343994140625,148043,0.0,0.0
2022-11-29 00:00:00+05:30,3919.0647647951887,3958.5515634329236,3890.7824416742283,3926.71533203125,193016,0.0,0.0
2022-11-30 00:00:00+05:30,3927.8012941216543,4016.0047854959535,3909.1930439610987,3984.51416015625,327153,0.0,0.0
2022-12-01 00:00:00+05:30,4033.576229622233,4151.049448252935,3998.975876269266,4064.030517578125,692687,0.0,0.0
2022-12-02 00:00:00+05:30,4083.922228982301,4198.433947271386,4067.2391526348824,4183.1328125,520606,0.0,0.0
2022-12-05 00:00:00+05:30,4210.279583487385,4210.279583487385,4122.52027661472,4138.0185546875,248429,0.0,0.0
2022-12-06 00:00:00+05:30,4101.691249079214,4116.39998531399,3993.1519584514485,4027.5546875,252522,0.0,0.0
2022-12-07 00:00:00+05:30,3988.2160425146394,4016.3009796567776,3940.782477765726,3972.322509765625,200268,0.0,0.0
2022-12-08 00:00:00+05:30,3973.359123945682,3999.1735222234033,3924.000625511574,3934.662109375,221418,0.0,0.0
2022-12-09 00:00:00+05:30,3973.359090614571,3987.179470060187,3807.9093088480245,3827.455322265625,416332,0.0,0.0
2022-12-12 00:00:00+05:30,3802.57884,3869.7064,3743.64483920166,3856.1328125,213908,0.0,0.0
2022-12-13 00:00:00+05:30,3889.449559037907,3914.029994111761,3849.4197698162025,3868.32421875,218155,0.0,0.0
2022-12-14 00:00:00+05:30,3907.218426677777,4007.7617764305387,3899.321067553618,3934.168212890625,478608,0.0,0.0
2022-12-15 00:00:00+05:30,3914.1287747060674,3921.9767274524343,3812.1046659784483,3825.5302734375,199134,0.0,0.0
2022-12-16 00:00:00+05:30,3785.796659944348,3919.755570479184,3751.344525987281,3901.887939453125,450739,0.0,0.0
2022-12-19 00:00:00+05:30,3900.308409282138,3900.308409282138,3825.8264859625756,3845.66845703125,193855,0.0,0.0
2022-12-20 00:00:00+05:30,3830.0219018130315,3863.5856790754647,3780.8607916211063,3845.964599609375,194228,0.0,0.0
2022-12-21 00:00:00+05:30,3877.6036624332933,3947.3965314755333,3847.445571490459,3870.10107421875,300119,0.0,0.0
2022-12-22 00:00:00+05:30,3921.038943746247,3921.038943746247,3767.534020344298,3835.74755859375,259590,0.0,0.0
2022-12-23 00:00:00+05:30,3771.976362844822,3790.6831851157917,3656.4774791879663,3687.52392578125,262009,0.0,0.0
2022-12-26 00:00:00+05:30,3700.9003268589595,3749.864055220723,3654.7995360997465,3722.2724609375,101353,0.0,0.0
2022-12-27 00:00:00+05:30,3736.4383561557515,3830.2195038003474,3735.451186180545,3824.64208984375,195437,0.0,0.0
2022-12-28 00:00:00+05:30,3776.4184893692022,3879.577744927713,3768.0275451371704,3864.276611328125,190347,0.0,0.0
2022-12-29 00:00:00+05:30,3820.347713083907,3891.4239496063983,3811.5125902178384,3865.115966796875,321786,0.0,0.0
2022-12-30 00:00:00+05:30,3919.0646468217215,4012.845790763299,3752.825325964386,3834.266845703125,538404,0.0,0.0
2023-01-02 00:00:00+05:30,3853.4675488434937,4047.397049514292,3762.1049160241387,3900.506103515625,342096,0.0,0.0
2023-01-03 00:00:00+05:30,3908.2058154854353,3980.2692215300012,3875.8759997599623,3967.97900390625,319505,0.0,0.0
2023-01-04 00:00:00+05:30,3957.6138678623342,3963.487481058508,3885.3530733209095,3898.5810546875,130496,0.0,0.0
2023-01-05 00:00:00+05:30,3907.218662385593,3921.9273982383525,3857.119787419431,3879.034912109375,95607,0.0,0.0
2023-01-06 00:00:00+05:30,3889.252193197031,3898.334108479296,3830.268789048731,3850.949951171875,163783,0.0,0.0
2023-01-09 00:00:00+05:30,3889.449679509034,3987.6730914661784,3889.449679509034,3965.807373046875,204667,0.0,0.0
2023-01-10 00:00:00+05:30,3948.679850571977,3968.423249824837,3905.836770596588,3923.408203125,187377,0.0,0.0
2023-01-11 00:00:00+05:30,3939.74573475466,4006.922695854292,3861.216319601733,3885.599609375,399848,0.0,0.0
2023-01-12 00:00:00+05:30,3909.193265990908,3925.432164563376,3801.6411408769854,3854.109130859375,208072,0.0,0.0
2023-01-13 00:00:00+05:30,3876.616434706516,3876.616434706516,3741.8677351044175,3834.6123046875,351833,0.0,0.0
2023-01-16 00:00:00+05:30,3849.9629327084936,3899.321431845782,3807.119851860646,3848.482177734375,252525,0.0,0.0
2023-01-17 00:00:00+05:30,3848.4818762973473,3886.438510959263,3830.416618826424,3867.731689453125,139585,0.0,0.0
2023-01-18 00:00:00+05:30,3871.6805907086145,3897.3470097189215,3860.8217211273304,3875.431884765625,81445,0.0,0.0
2023-01-19 00:00:00+05:30,3849.9629685229675,3942.7569477642905,3828.2452287005303,3915.6591796875,198704,0.0,0.0
2023-01-20 00:00:00+05:30,3989.153967921993,4195.472497814519,3989.153967921993,4049.371337890625,1986822,0.0,0.0
2023-01-23 00:00:00+05:30,4073.0633074146635,4360.329769474205,4016.0048347901816,4302.97509765625,1461912,0.0,0.0
2023-01-24 00:00:00+05:30,4302.974592537597,4402.777561466524,4246.8047240872165,4268.5224609375,1169538,0.0,0.0
2023-01-25 00:00:00+05:30,4279.381844331003,4306.035433672857,4195.4723964029445,4217.88134765625,521283,0.0,0.0
2023-01-27 00:00:00+05:30,4249.618424040351,4315.11724305623,4195.47205883072,4239.00634765625,744813,0.0,0.0
2023-01-30 00:00:00+05:30,4254.702575144526,4397.29947026662,4211.464723219994,4361.95849609375,578458,0.0,0.0
2023-01-31 00:00:00+05:30,4368.226891385993,4368.226891385993,4202.579971791585,4322.71826171875,345852,0.0,0.0
2023-02-01 00:00:00+05:30,4343.547586654988,4372.866725671532,4264.623159859033,4296.90380859375,162450,0.0,0.0
2023-02-02 00:00:00+05:30,4333.676514848589,4454.111260819324,4296.460011196884,4377.01318359375,634419,0.0,0.0
2023-02-03 00:00:00+05:30,4411.811955626085,4448.742291659135,4255.3663230607435,4271.62548828125,448859,19.0,0.0
2023-02-06 00:00:00+05:30,4278.961734299808,4305.680653316049,4223.442304939106,4280.74609375,175369,0.0,0.0
2023-02-07 00:00:00+05:30,4272.021738535871,4341.569640083485,4256.159044681944,4265.6767578125,148761,0.0,0.0
2023-02-08 00:00:00+05:30,4306.82056878786,4435.605716164974,4274.995942803614,4292.29638671875,740144,0.0,0.0
2023-02-09 00:00:00+05:30,4291.85015350964,4322.584123192893,4238.313561158169,4303.25146484375,329010,0.0,0.0
2023-02-10 00:00:00+05:30,4292.890964071137,4332.498322001351,4263.099035378903,4297.1044921875,225248,0.0,0.0
2023-02-13 00:00:00+05:30,4015.244404609903,4089.352927880172,3965.9709599550247,3997.646728515625,8266976,0.0,0.0
2023-02-14 00:00:00+05:30,3982.527576898704,4059.8582094598437,3975.5876483355246,4044.8876953125,463716,0.0,0.0
2023-02-15 00:00:00+05:30,4044.986881075334,4089.5513296882846,4030.115605777263,4079.6865234375,374514,0.0,0.0
2023-02-16 00:00:00+05:30,4119.2439437788935,4206.538618640949,4092.079178214756,4193.00537109375,840561,0.0,0.0
2023-02-17 00:00:00+05:30,4158.999968873392,4191.171687894756,4116.368979919505,4168.02197265625,352234,0.0,0.0
2023-02-20 00:00:00+05:30,4168.021739396942,4327.39222988112,4139.171370273371,4298.24462890625,582774,0.0,0.0
2023-02-21 00:00:00+05:30,4302.755920253081,4345.38691208969,4258.142091586862,4302.70654296875,370734,0.0,0.0
2023-02-22 00:00:00+05:30,4263.098549486807,4331.506409932061,4242.179527228112,4305.283203125,298410,0.0,0.0
2023-02-23 00:00:00+05:30,4337.4549356787265,4392.825742932953,4287.091081147684,4382.9609375,459676,0.0,0.0
2023-02-24 00:00:00+05:30,4391.983548463379,4401.897732545688,4320.7999003888,4339.93408203125,328145,0.0,0.0
2023-02-27 00:00:00+05:30,4344.395015223266,4344.395015223266,4120.33447815333,4237.2724609375,464622,0.0,0.0
2023-02-28 00:00:00+05:30,4237.321889196905,4300.624045590492,4228.052031109643,4261.76025390625,248384,0.0,0.0
2023-03-01 00:00:00+05:30,4256.75372722869,4272.021472293373,4204.952120840357,4263.44580078125,308649,0.0,0.0
2023-03-02 00:00:00+05:30,4263.0986147230515,4263.197853369493,4189.287329955009,4213.23046875,189586,0.0,0.0
2023-03-03 00:00:00+05:30,4253.184874838941,4261.4633151781,4203.613955551774,4221.85595703125,323213,0.0,0.0
2023-03-06 00:00:00+05:30,4248.178108294709,4327.739428182066,4243.27039399237,4291.20556640625,217940,0.0,0.0
2023-03-08 00:00:00+05:30,4243.270493955187,4282.927227543552,4214.568739384212,4242.8740234375,191561,0.0,0.0
2023-03-09 00:00:00+05:30,4258.141670693269,4261.810112101851,4207.579336536027,4218.83203125,135724,0.0,0.0
2023-03-10 00:00:00+05:30,4172.879467303803,4203.4648175233515,4082.6110281300107,4100.85302734375,356622,0.0,0.0
2023-03-13 00:00:00+05:30,4121.375268097909,4137.287822335903,4030.165026151246,4049.5966796875,276920,0.0,0.0
2023-03-14 00:00:00+05:30,4064.8151618263946,4064.8151618263946,3812.3999576421006,3887.99560546875,882239,0.0,0.0
2023-03-15 00:00:00+05:30,3926.0164779469937,3984.410919146749,3821.9175561832476,3916.102294921875,471814,0.0,0.0
2023-03-16 00:00:00+05:30,3880.5104739909107,3910.7487322121538,3803.1302270845017,3818.992919921875,345380,0.0,0.0
2023-03-17 00:00:00+05:30,3867.52294921875,3910.1539378925277,3846.7031640524865,3867.52294921875,251762,0.0,0.0
2023-03-20 00:00:00+05:30,3821.9675079003127,3856.617532177485,3717.818957754645,3742.25732421875,265027,0.0,0.0
2023-03-21 00:00:00+05:30,3757.4754271277143,3767.191375058145,3671.321272067968,3680.73974609375,247105,0.0,0.0
2023-03-22 00:00:00+05:30,3727.733040955339,3761.540503916245,3682.078176978156,3706.566162109375,192165,0.0,0.0
2023-03-23 00:00:00+05:30,3686.143029327236,3727.7329805280174,3626.608309247736,3716.430908203125,238035,0.0,0.0
2023-03-24 00:00:00+05:30,3737.6472285734194,3794.7530231013875,3638.505392271737,3668.74365234375,270367,0.0,0.0
2023-03-27 00:00:00+05:30,3634.539475741121,3691.050318653626,3591.8588696586326,3604.549072265625,272941,0.0,0.0
2023-03-28 00:00:00+05:30,3625.3191929972295,3625.3191929972295,3549.2774589752084,3567.172607421875,222037,0.0,0.0
2023-03-29 00:00:00+05:30,3549.2776716601325,3642.4709959998117,3534.1585419135354,3628.938232421875,348819,0.0,0.0
2023-03-31 00:00:00+05:30,3662.2992171446485,3791.580067244609,3648.468980204756,3781.36865234375,276488,0.0,0.0
2023-04-03 00:00:00+05:30,3816.9608047604047,3845.7119380949634,3738.936225809858,3818.29931640625,169214,0.0,0.0
2023-04-05 00:00:00+05:30,3817.9519890081656,4084.6435197906108,3788.308677757979,4044.193603515625,846049,0.0,0.0
2023-04-06 00:00:00+05:30,4030.115412150941,4040.029595206663,3933.947836510439,3965.7724609375,299744,0.0,0.0
2023-04-10 00:00:00+05:30,4005.2806305624827,4035.072801251091,3956.750749334915,4026.447509765625,194314,0.0,0.0
2023-04-11 00:00:00+05:30,4026.4474518565553,4036.411254828147,3960.716365885944,3970.48193359375,191875,0.0,0.0
2023-04-12 00:00:00+05:30,3985.501660885353,4043.995341977949,3960.71620279527,4030.313720703125,164378,0.0,0.0
2023-04-13 00:00:00+05:30,4015.244457264785,4094.5579280255706,3957.7421909632153,3994.127197265625,435682,0.0,0.0
2023-04-17 00:00:00+05:30,3854.634541818689,3876.445745501819,3719.8016463229733,3858.5009765625,734729,0.0,0.0
2023-04-18 00:00:00+05:30,3885.665986197422,4024.1670812346088,3818.398154355383,3993.63134765625,566817,0.0,0.0
2023-04-19 00:00:00+05:30,3993.6314124233777,3993.6314124233777,3849.528898191862,3868.46484375,381807,0.0,0.0
2023-04-20 00:00:00+05:30,3886.3600418210344,3968.6477671963266,3767.6376910536696,3780.724365234375,897812,0.0,0.0
2023-04-21 00:00:00+05:30,3777.403040915457,3829.055790202079,3737.696688758139,3797.875732421875,410881,0.0,0.0
2023-04-24 00:00:00+05:30,3812.0034229623925,3874.413157511808,3747.561232457176,3858.20361328125,288023,0.0,0.0
2023-04-25 00:00:00+05:30,3867.225621794958,3918.0854330367474,3807.0465746106047,3896.224609375,387700,0.0,0.0
2023-04-26 00:00:00+05:30,3899.2483175208677,3963.6905093944647,3851.858472626263,3909.8564453125,415676,0.0,0.0
2023-04-27 00:00:00+05:30,3892.3084356662375,4039.434821744848,3892.3084356662375,4016.533203125,700170,0.0,0.0
2023-04-28 00:00:00+05:30,4053.9093968440075,4183.785193123432,4045.03625153783,4148.58984375,649355,0.0,0.0
2023-05-02 00:00:00+05:30,4152.952020274978,4170.252463247295,4054.801608569704,4095.201904296875,1158608,0.0,0.0
2023-05-03 00:00:00+05:30,4059.858249246242,4106.405535630412,4021.0936939309645,4064.07177734375,442070,0.0,0.0
2023-05-04 00:00:00+05:30,4078.4471881290187,4103.777733029652,4050.09252684276,4069.722900390625,316363,0.0,0.0
2023-05-05 00:00:00+05:30,4081.6692123476714,4091.3849182208774,4027.190824220819,4082.26416015625,197974,0.0,0.0
2023-05-08 00:00:00+05:30,4084.643600060735,4090.8893420263735,4064.815233070149,4080.92578125,179821,0.0,0.0
2023-05-09 00:00:00+05:30,4084.643677360903,4136.19743251206,4056.3882538645958,4089.650146484375,354599,0.0,0.0
2023-05-10 00:00:00+05:30,4118.484605954986,4133.424695214799,4083.7240955433617,4108.9228515625,115839,19.0,0.0
2023-05-11 00:00:00+05:30,4153.344859303067,4162.3089129562395,4099.560537384035,4108.3251953125,329135,0.0,0.0
2023-05-12 00:00:00+05:30,4120.277149176416,4143.833078557109,4058.5250244948115,4069.33154296875,211783,0.0,0.0
2023-05-15 00:00:00+05:30,4073.81376753804,4128.146185621785,4043.7842844651786,4114.79931640625,116466,0.0,0.0
2023-05-16 00:00:00+05:30,4133.375057688222,4235.86397195679,4113.504544592947,4187.208984375,497428,0.0,0.0
2023-05-17 00:00:00+05:30,4210.117022267665,4217.138669468636,4114.251452503467,4197.1689453125,333219,0.0,0.0
2023-05-18 00:00:00+05:30,4223.064994465531,4238.005082889347,4158.822614243119,4189.35009765625,204276,0.0,0.0
2023-05-19 00:00:00+05:30,4211.113384452314,4286.262231978333,4189.250858134477,4261.06298828125,343809,0.0,0.0
2023-05-22 00:00:00+05:30,4261.062548088774,4367.48587587662,4249.110477276797,4353.4921875,358673,0.0,0.0
2023-05-23 00:00:00+05:30,4362.90437162173,4402.34630455773,4272.865530894267,4287.3076171875,276091,0.0,0.0
2023-05-24 00:00:00+05:30,4266.889677281588,4286.311794159971,4216.242675232519,4238.40380859375,158567,0.0,0.0
2023-05-25 00:00:00+05:30,4233.0251462145125,4301.749554470701,4194.778616277271,4280.08642578125,280375,0.0,0.0
2023-05-26 00:00:00+05:30,4302.546102469845,4489.147905542652,4287.8054096473625,4442.13671875,634129,0.0,0.0
2023-05-29 00:00:00+05:30,4491.986837400236,4491.986837400236,4387.406212582714,4402.49560546875,214720,0.0,0.0
2023-05-30 00:00:00+05:30,4397.366469892328,4450.9513979148805,4370.772915281509,4382.57568359375,270720,0.0,0.0
2023-05-31 00:00:00+05:30,4399.358221194585,4587.105340210926,4391.390173703176,4536.90673828125,706949,0.0,0.0
2023-06-01 00:00:00+05:30,4547.762942640184,4572.563392301652,4510.462327126205,4543.92822265625,220301,0.0,0.0
2023-06-02 00:00:00+05:30,4552.792749905334,4630.929610300323,4541.787078819114,4572.4638671875,302898,0.0,0.0
2023-06-05 00:00:00+05:30,4615.49176457029,4615.49176457029,4543.7793331829225,4574.10791015625,146482,0.0,0.0
2023-06-06 00:00:00+05:30,4543.779129009314,4543.779129009314,4365.543670308508,4397.8642578125,372997,0.0,0.0
2023-06-07 00:00:00+05:30,4432.2264487544035,4452.096961860443,4398.5115502993585,4434.26806640625,127994,0.0,0.0
2023-06-08 00:00:00+05:30,4447.166558519712,4447.166558519712,4357.775024672647,4368.03369140625,128873,0.0,0.0
2023-06-09 00:00:00+05:30,4372.51554238569,4416.688501676771,4319.030316918547,4390.39404296875,209549,0.0,0.0
2023-06-12 00:00:00+05:30,4409.268589077065,4546.767011395288,4362.555522501972,4488.30126953125,484807,0.0,0.0
2023-06-13 00:00:00+05:30,4518.829182494959,4559.71503033813,4482.026569795016,4549.6552734375,262813,0.0,0.0
2023-06-14 00:00:00+05:30,4549.755407205266,4632.623300923214,4487.007029216227,4601.1494140625,398730,0.0,0.0
2023-06-15 00:00:00+05:30,4620.471444878595,4620.471444878595,4532.822924260075,4564.6455078125,158905,0.0,0.0
2023-06-16 00:00:00+05:30,4598.908225611932,4610.411899939879,4541.089787722918,4575.900390625,214384,0.0,0.0
2023-06-19 00:00:00+05:30,4564.695109129455,4605.481745887226,4537.105550747413,4544.67529296875,136407,0.0,0.0
2023-06-20 00:00:00+05:30,4531.826984204502,4561.707162122334,4374.707048653236,4541.0400390625,257086,0.0,0.0
2023-06-21 00:00:00+05:30,4581.627281781809,4660.1123545981845,4561.9561646480715,4586.4580078125,304147,0.0,0.0
2023-06-22 00:00:00+05:30,4566.537980064713,4567.6832896417445,4462.106658873749,4516.58837890625,279644,0.0,0.0
2023-06-23 00:00:00+05:30,4513.898801871844,4513.898801871844,4442.18637606982,4481.47900390625,173418,0.0,0.0
2023-06-26 00:00:00+05:30,4427.246425415087,4606.228888259555,4427.196819650249,4588.30078125,252705,0.0,0.0
2023-06-27 00:00:00+05:30,4597.563422536901,4695.5703098412405,4597.563422536901,4676.6962890625,353159,0.0,0.0
2023-06-28 00:00:00+05:30,4676.6962890625,4676.6962890625,4676.6962890625,4676.6962890625,0,0.0,0.0
2023-06-30 00:00:00+05:30,4659.266014035091,4736.008074420479,4650.301960897386,4692.482421875,219272,0.0,0.0
2023-07-03 00:00:00+05:30,4720.072253552882,4722.313266967209,4631.427722941739,4665.640625,143153,0.0,0.0
2023-07-04 00:00:00+05:30,4665.640799830802,4729.982884648258,4647.413598245981,4689.7939453125,144784,0.0,0.0
2023-07-05 00:00:00+05:30,4699.156221061114,4749.9029203546725,4666.337629435867,4706.57666015625,134422,0.0,0.0
2023-07-06 00:00:00+05:30,4701.14792453964,4731.526104984228,4675.102467096794,4726.3466796875,84047,0.0,0.0
2023-07-07 00:00:00+05:30,4721.068116882772,4799.852283356873,4658.817746143284,4672.9111328125,307428,0.0,0.0
2023-07-10 00:00:00+05:30,4708.119913697055,4708.119913697055,4581.627163741581,4592.8818359375,139340,0.0,0.0
2023-07-11 00:00:00+05:30,4595.87014730135,4691.188113047924,4551.747277415926,4678.1904296875,324240,0.0,0.0
2023-07-12 00:00:00+05:30,4686.208241492252,4701.14833152889,4582.623617238225,4631.228515625,289782,0.0,0.0
2023-07-13 00:00:00+05:30,4655.33186183268,4796.964104022905,4637.6527560244795,4736.50634765625,438079,0.0,0.0
2023-07-14 00:00:00+05:30,4768.876549434092,4946.563915914552,4759.862890004021,4906.1259765625,653920,0.0,0.0
2023-07-17 00:00:00+05:30,4930.229328665093,5034.660647165749,4890.438697429621,4938.3466796875,503091,0.0,0.0
2023-07-18 00:00:00+05:30,4970.069559071474,4977.738999216076,4855.777879331304,4946.01611328125,452555,0.0,0.0
2023-07-19 00:00:00+05:30,4944.970328801073,4946.016426885857,4840.589095915399,4856.4755859375,382389,0.0,0.0
2023-07-20 00:00:00+05:30,4901.743688828427,4901.743688828427,4746.615758832037,4800.201171875,300822,0.0,0.0
2023-07-21 00:00:00+05:30,4801.694973243752,4896.614143652112,4591.636933958499,4621.76611328125,1130735,0.0,0.0
2023-07-24 00:00:00+05:30,4649.355943656663,4729.03642255395,4624.057488872984,4706.82568359375,338000,0.0,0.0
2023-07-25 00:00:00+05:30,4720.072160005633,4726.595804394522,4659.465101157587,4669.02685546875,175138,0.0,0.0
2023-07-26 00:00:00+05:30,4680.23207137625,4750.948495523455,4671.31762337739,4697.3134765625,160886,0.0,0.0
2023-07-27 00:00:00+05:30,4709.116336564124,4734.016486397903,4644.17655126521,4673.95751953125,159595,0.0,0.0
2023-07-28 00:00:00+05:30,4681.178135861943,4697.4624433025765,4611.556934214252,4653.63818359375,114340,0.0,0.0
2023-07-31 00:00:00+05:30,4671.268097610156,4710.6103342531405,4656.925708606517,4684.91357421875,164337,0.0,0.0
2023-08-01 00:00:00+05:30,4708.120070052024,4831.624806393563,4672.81146500907,4826.09716796875,352854,0.0,0.0
2023-08-02 00:00:00+05:30,4825.648925162337,4839.393613017381,4681.277665263094,4738.10009765625,146505,0.0,0.0
2023-08-03 00:00:00+05:30,4745.0,4793.89990234375,4710.0,4765.25,260642,19.0,0.0
2023-08-04 00:00:00+05:30,4800.0,4893.7001953125,4788.64990234375,4888.14990234375,246235,0.0,0.0
2023-08-07 00:00:00+05:30,4914.0,4958.0,4885.25,4942.64990234375,183698,0.0,0.0
2023-08-08 00:00:00+05:30,4966.9501953125,5018.9501953125,4930.60009765625,4980.89990234375,233808,0.0,0.0
2023-08-09 00:00:00+05:30,4989.9501953125,5090.0,4958.89990234375,5067.9501953125,343864,0.0,0.0
2023-08-10 00:00:00+05:30,5067.9501953125,5225.0,5042.4501953125,5146.89990234375,625096,0.0,0.0
2023-08-11 00:00:00+05:30,5173.0,5285.0,5164.0,5267.89990234375,604763,0.0,0.0
2023-08-14 00:00:00+05:30,5267.89990234375,5348.0,5221.0498046875,5277.0498046875,520002,0.0,0.0
2023-08-16 00:00:00+05:30,5202.0,5419.89990234375,5041.2001953125,5075.9501953125,698393,0.0,0.0
2023-08-17 00:00:00+05:30,5093.10009765625,5126.9501953125,4967.0,5005.2001953125,713344,0.0,0.0
2023-08-18 00:00:00+05:30,5000.0,5028.64990234375,4896.0498046875,4920.14990234375,453257,0.0,0.0
2023-08-21 00:00:00+05:30,4946.9501953125,5020.5,4918.60009765625,4996.5,237711,0.0,0.0
2023-08-22 00:00:00+05:30,5040.0,5043.2998046875,4952.0,4961.0,171782,0.0,0.0
2023-08-23 00:00:00+05:30,4980.0,4999.0,4856.64990234375,4913.10009765625,438563,0.0,0.0
2023-08-24 00:00:00+05:30,4750.0,5402.0,4703.0,5390.85009765625,22136491,0.0,0.0
2023-08-25 00:00:00+05:30,5269.7998046875,5393.9501953125,5164.0,5256.2001953125,1834899,0.0,0.0
2023-08-28 00:00:00+05:30,5256.2001953125,5304.14990234375,5160.0,5171.89990234375,516099,0.0,0.0
2023-08-29 00:00:00+05:30,5199.0,5273.35009765625,5088.14990234375,5225.60009765625,1018566,0.0,0.0
2023-08-30 00:00:00+05:30,5248.9501953125,5354.60009765625,5203.10009765625,5298.25,707396,0.0,0.0
2023-08-31 00:00:00+05:30,5320.0,5490.0,5298.25,5466.4501953125,1193926,0.0,0.0
2023-09-01 00:00:00+05:30,5454.9501953125,5506.39990234375,5427.35009765625,5451.89990234375,364138,0.0,0.0
2023-09-04 00:00:00+05:30,5461.0,5504.0,5411.10009765625,5489.0,557111,0.0,0.0
2023-09-05 00:00:00+05:30,5499.0,5635.0,5481.4501953125,5611.5,625240,0.0,0.0
2023-09-06 00:00:00+05:30,5634.0,5762.7001953125,5576.14990234375,5625.60009765625,1124517,0.0,0.0
2023-09-07 00:00:00+05:30,5600.0,5649.0,5524.64990234375,5610.35009765625,394065,0.0,0.0
2023-09-08 00:00:00+05:30,5625.0,5625.0,5529.5498046875,5550.60009765625,280869,0.0,0.0
2023-09-11 00:00:00+05:30,5588.0,5588.39990234375,5492.2998046875,5515.7001953125,314269,0.0,0.0
2023-09-12 00:00:00+05:30,5569.0,5589.5,5424.5,5459.5,245635,0.0,0.0
2023-09-13 00:00:00+05:30,5449.0,5479.9501953125,5368.2001953125,5437.14990234375,293470,0.0,0.0
2023-09-14 00:00:00+05:30,5479.0,5539.9501953125,5445.0,5456.64990234375,202149,0.0,0.0
2023-09-15 00:00:00+05:30,5511.2001953125,5630.0,5494.85009765625,5618.89990234375,462273,0.0,0.0
2023-09-18 00:00:00+05:30,5593.0,5626.4501953125,5528.75,5544.89990234375,281031,0.0,0.0
2023-09-20 00:00:00+05:30,5530.0,5544.0,5402.0,5418.0,266063,0.0,0.0
2023-09-21 00:00:00+05:30,5395.5,5406.9501953125,5290.0,5336.2998046875,377880,0.0,0.0
2023-09-22 00:00:00+05:30,5336.0,5370.39990234375,5251.35009765625,5293.4501953125,296925,0.0,0.0
2023-09-25 00:00:00+05:30,5320.0,5339.9501953125,5260.10009765625,5285.89990234375,190214,0.0,0.0
2023-09-26 00:00:00+05:30,5260.0,5260.14990234375,5170.2998046875,5193.2001953125,295546,0.0,0.0
2023-09-27 00:00:00+05:30,5205.9501953125,5265.7001953125,5189.0498046875,5204.9501953125,428881,0.0,0.0
2023-09-28 00:00:00+05:30,5236.9501953125,5251.64990234375,5077.5498046875,5123.2998046875,448004,0.0,0.0
2023-09-29 00:00:00+05:30,5144.89990234375,5165.0,5050.0,5104.4501953125,567361,0.0,0.0
2023-10-03 00:00:00+05:30,5085.0,5192.2001953125,5036.64990234375,5106.60009765625,579787,0.0,0.0
2023-10-04 00:00:00+05:30,5119.0,5149.0,5025.0,5135.75,333736,0.0,0.0
2023-10-05 00:00:00+05:30,5155.0,5243.7001953125,5151.0,5205.7001953125,312135,0.0,0.0
2023-10-06 00:00:00+05:30,5240.89990234375,5242.9501953125,5166.25,5185.5498046875,195339,0.0,0.0
2023-10-09 00:00:00+05:30,5161.0,5216.89990234375,5118.89990234375,5138.75,179747,0.0,0.0
2023-10-10 00:00:00+05:30,5180.0,5228.0,5125.85009765625,5196.25,269859,0.0,0.0
2023-10-11 00:00:00+05:30,5239.89990234375,5282.89990234375,5111.0,5154.64990234375,557514,0.0,0.0
2023-10-12 00:00:00+05:30,5171.89990234375,5189.0,5068.0,5096.89990234375,619118,0.0,0.0
2023-10-13 00:00:00+05:30,5058.0,5138.9501953125,4997.75,5006.64990234375,437090,0.0,0.0
2023-10-16 00:00:00+05:30,5010.0,5088.7998046875,5001.35009765625,5040.14990234375,341417,0.0,0.0
2023-10-17 00:00:00+05:30,5077.89990234375,5094.0,5022.35009765625,5061.7001953125,215994,0.0,0.0
2023-10-18 00:00:00+05:30,5075.9501953125,5150.0,5025.0,5092.10009765625,626397,0.0,0.0
2023-10-19 00:00:00+05:30,5050.2998046875,5280.0,5050.2998046875,5108.7998046875,1046540,0.0,0.0
2023-10-20 00:00:00+05:30,5123.0,5167.75,4980.0,5000.10009765625,473723,0.0,0.0
2023-10-23 00:00:00+05:30,5000.10009765625,5019.89990234375,4900.0,4915.39990234375,538344,0.0,0.0
2023-10-25 00:00:00+05:30,4949.0,4977.0,4863.0498046875,4899.0498046875,338564,0.0,0.0
2023-10-26 00:00:00+05:30,4880.0,4956.85009765625,4756.5498046875,4904.39990234375,878546,0.0,0.0
2023-10-27 00:00:00+05:30,4926.0,5030.0,4925.5498046875,5008.9501953125,540268,0.0,0.0
2023-10-30 00:00:00+05:30,4998.7998046875,5026.0,4948.0498046875,4988.64990234375,266860,0.0,0.0
2023-10-31 00:00:00+05:30,5029.9501953125,5029.9501953125,4952.7001953125,4984.25,224233,0.0,0.0
2023-11-01 00:00:00+05:30,4998.0,5054.4501953125,4965.2001953125,5052.35009765625,206925,0.0,0.0
